1 2 1234310
1 3 1510808
1 4 679619
1 5 617113
1 6 809574
1 7 770395
1 8 732851
1 9 492319
1 10 560866
1 11 652386
1 12 659832
1 13 419356
1 14 336710
1 15 1069691
1 16 1216421
1 17 1107213
1 18 503145
1 19 1520415
1 20 913102
1 21 670403
1 22 886030
1 23 575474
1 24 555804
1 25 1234255
1 26 723262
1 27 380118
1 28 1033195
1 29 199964
1 30 1039108
1 31 1195101
1 33 577310
1 34 197325
1 35 109821
1 36 128340
1 37 693453
1 38 336769
1 39 502806
1 40 856502
1 41 514446
1 42 781815
1 43 191160
1 44 155862
1 45 355688
1 46 53900
1 47 358062
1 48 325839
1 49 110902
1 50 349165
1 51 441099
1 52 360310
1 53 103140
1 54 274926
1 55 860593
1 56 22700
1 57 558990
1 61 680280
1 62 372300
1 63 346938
1 64 101916
1 65 486198
1 66 124264
1 67 202476
1 68 474438
1 69 157585
1 70 115095
1 71 132912
1 72 164951
1 74 378133
1 76 176752
1 77 547157
1 78 246739
1 79 426824
1 81 108867
1 82 129111
1 84 62370
1 85 67375
1 86 54400
1 87 647211
1 88 321661
1 90 367113
1 91 307547
1 92 138079
1 93 284942
1 94 69300
1 95 103305
1 96 54400
1 97 470080
1 99 359943
1 101 279330
1 103 215841
1 104 202436
1 107 300258
1 110 4620
1 111 68150
1 112 361559
1 116 116070
1 117 90250
1 118 54600
1 119 247564
1 121 36375
1 123 190185
1 127 163399
1 128 59720
1 129 83085
1 130 136631
1 131 328311
1 132 83020
1 133 104490
1 134 224027
1 136 305183
1 137 171783
1 139 175425
1 140 216469
1 144 12810
1 147 159108
1 150 72523
1 152 34400
1 153 54250
1 155 96715
1 156 115098
1 158 43267
1 162 188756
1 173 262594
1 174 261300
1 175 1080
1 177 220192
1 178 36500
1 180 192011
1 182 19440
1 184 112068
1 190 70972
1 203 144231
1 207 139524
1 224 71557
1 226 52110
1 229 32400
1 231 15175
1 236 117606
1 240 48500
1 261 84653
1 276 43500
1 283 72020
1 299 57945
1 303 55500
1 399 9350
2 1 1234310
2 3 1233525
2 4 1839950
2 5 846534
2 6 1420328
2 7 1292439
2 8 1030315
2 9 954365
2 10 814852
2 11 788853
2 12 597658
2 13 1403826
2 14 828937
2 15 1215775
2 16 1442016
2 17 1235594
2 18 682265
2 19 686182
2 20 1162050
2 21 669633
2 22 687470
2 23 419199
2 25 468769
2 26 925060
2 27 584843
2 28 643652
2 29 43481
2 30 694420
2 31 421622
2 32 75555
2 33 608601
2 34 449012
2 35 162108
2 36 555526
2 37 267665
2 38 574240
2 40 277199
2 41 227843
2 42 353125
2 43 505981
2 44 198172
2 45 521541
2 47 560874
2 48 368818
2 49 84265
2 50 273182
2 51 601556
2 52 317883
2 53 228
2 54 434649
2 55 72550
2 56 93844
2 57 118891
2 58 106580
2 61 221436
2 62 349885
2 63 186997
2 64 117390
2 65 125428
2 66 340139
2 67 247832
2 68 11525
2 69 173244
2 70 153909
2 71 248396
2 72 222640
2 73 54391
2 74 227296
2 75 52107
2 76 367789
2 77 113599
2 79 228213
2 81 283362
2 82 97769
2 85 377019
2 86 354183
2 87 56000
2 88 105047
2 89 323704
2 90 56675
2 91 104566
2 92 109257
2 94 252481
2 95 87833
2 96 347150
2 98 51535
2 100 118763
2 101 54000
2 103 53848
2 104 35026
2 106 286079
2 107 32130
2 110 64242
2 111 54450
2 116 112488
2 117 117412
2 118 120142
2 119 53650
2 120 186486
2 123 10582
2 125 70350
2 128 134553
2 129 54400
2 132 53550
2 133 88298
2 135 72140
2 138 68634
2 139 38602
2 142 140276
2 143 168856
2 150 73720
2 151 90350
2 152 54400
2 153 129640
2 154 54450
2 156 85285
2 164 78229
2 165 132110
2 167 125019
2 172 44163
2 175 23232
2 178 88827
2 182 25524
2 183 65461
2 192 59931
2 194 49850
2 200 84090
2 214 16498
2 228 13350
2 231 13694
2 234 10771
2 264 25849
2 265 51491
2 274 14221
2 373 18012
2 428 11305
3 1 1510808
3 2 1233525
3 4 1036428
3 5 869649
3 6 1150527
3 7 510120
3 8 462564
3 9 990103
3 10 554888
3 11 844453
3 12 384590
3 13 747571
3 14 606243
3 15 546737
3 16 818075
3 17 519661
3 18 390557
3 19 633071
3 20 626658
3 21 309998
3 22 335243
3 23 450081
3 24 386524
3 25 492089
3 26 511022
3 27 581157
3 28 399547
3 29 149140
3 30 607010
3 31 455469
3 32 148833
3 33 545485
3 34 326312
3 35 295186
3 36 374428
3 37 361758
3 38 198239
3 39 230511
3 40 415633
3 41 355559
3 42 385831
3 43 514862
3 44 215043
3 45 274821
3 47 217976
3 48 706257
3 49 368022
3 50 716495
3 51 181978
3 52 168352
3 53 361833
3 55 270516
3 56 16720
3 57 211253
3 58 107328
3 59 75555
3 60 152220
3 61 23091
3 62 25477
3 63 137075
3 64 376435
3 65 135450
3 66 150528
3 67 346586
3 68 148051
3 69 328599
3 70 378239
3 73 28315
3 74 135901
3 77 118144
3 78 318843
3 79 80429
3 82 296048
3 85 49063
3 86 94308
3 87 83030
3 88 55148
3 89 13423
3 90 54300
3 91 76427
3 92 249523
3 93 118702
3 97 54500
3 98 180817
3 99 36300
3 101 54200
3 105 174205
3 106 53734
3 107 151781
3 108 125465
3 110 96298
3 113 81528
3 114 165830
3 117 248767
3 121 162604
3 123 134413
3 124 1080
3 125 97919
3 128 35049
3 130 206555
3 131 54450
3 136 13775
3 162 38050
3 163 101161
3 175 37840
3 181 48230
3 182 50336
3 190 56466
3 202 150856
3 209 32640
3 213 14362
3 214 21472
3 219 74052
3 220 94826
3 234 12528
3 241 58254
3 251 13039
3 254 1530
3 255 96781
3 256 94129
3 258 90464
3 273 81277
3 277 78863
3 280 72508
3 284 71097
3 290 16016
3 317 47719
3 361 15741
3 378 9310
3 388 15966
3 440 7086
3 490 15639
4 1 679619
4 2 1839950
4 3 1036428
4 5 1567073
4 6 1167244
4 7 509007
4 8 464499
4 9 2253992
4 10 464999
4 11 583558
4 12 232171
4 13 1326899
4 14 1007655
4 15 391244
4 17 696785
4 18 285773
4 19 280430
4 20 521081
4 21 248582
4 22 169254
4 23 808519
4 24 427379
4 25 109350
4 27 568655
4 28 666421
4 29 1404735
4 30 434609
4 31 123024
4 32 1517349
4 33 296158
4 34 473715
4 35 1223330
4 36 1093303
4 37 180289
4 38 152702
4 39 52746
4 40 157601
4 41 196004
4 43 86016
4 44 527202
4 45 79777
4 47 44405
4 48 144175
4 49 317096
4 50 50922
4 52 67312
4 53 84330
4 56 43372
4 58 305959
4 59 531798
4 64 212685
4 67 31734
4 70 313603
4 73 37575
4 80 110834
4 82 133856
4 83 203345
4 110 200736
4 113 216217
4 126 224157
4 145 32075
4 148 100
4 161 18225
4 168 9775
4 176 149420
4 182 1232
4 186 155578
4 215 61830
4 221 1122
4 252 43560
4 259 61830
4 297 61830
4 311 51885
4 352 33510
4 369 30750
4 448 5760
5 1 617113
5 2 846534
5 3 869649
5 4 1567073
5 6 962187
5 7 659329
5 8 464061
5 9 1594065
5 10 654620
5 11 529005
5 12 88310
5 13 566407
5 14 758598
5 15 279803
5 17 365920
5 18 174454
5 19 142628
5 20 119961
5 21 180451
5 22 427320
5 23 701439
5 24 406362
5 25 127776
5 26 97683
5 27 1111717
5 28 63016
5 29 260180
5 30 47730
5 31 54750
5 32 41588
5 33 414790
5 34 521559
5 35 533320
5 36 576715
5 37 54329
5 38 209108
5 39 263243
5 40 152165
5 41 147473
5 42 105067
5 43 553231
5 44 568411
5 45 212439
5 47 244223
5 48 369351
5 49 935455
5 50 313246
5 51 40262
5 52 155623
5 53 887322
5 54 99941
5 58 374424
5 59 22728
5 60 508387
5 62 50005
5 63 50005
5 64 598874
5 66 288132
5 67 143574
5 68 50005
5 69 149308
5 70 457506
5 73 101612
5 75 83235
5 78 49817
5 82 114565
5 86 86995
5 92 73100
5 98 173173
5 110 91179
5 113 89585
5 122 6425
5 126 87150
5 145 43175
5 161 8950
5 168 26270
5 176 43750
5 186 31806
5 201 46213
5 213 49429
5 215 68996
5 234 12173
5 252 56376
5 254 16340
5 259 29045
5 270 13642
5 295 62285
5 329 11433
5 344 34500
5 398 12711
5 421 16587
6 1 809574
6 2 1420328
6 3 1150527
6 4 1167244
6 5 962187
6 7 811705
6 8 398335
6 9 713334
6 10 532371
6 11 717024
6 12 153514
6 13 962589
6 14 842435
6 15 335563
6 16 466112
6 17 445015
6 18 229758
6 19 263428
6 20 359013
6 21 183357
6 22 382622
6 23 764241
6 24 400471
6 25 136682
6 26 49597
6 27 505547
6 28 558045
6 29 59473
6 30 221005
6 31 114656
6 32 27402
6 33 560038
6 34 514694
6 35 254322
6 36 412154
6 37 133549
6 38 173607
6 40 242767
6 41 36300
6 43 305022
6 44 340119
6 45 209161
6 47 72051
6 48 237593
6 49 396850
6 50 123121
6 51 1638
6 52 145969
6 53 232171
6 56 19944
6 58 225553
6 60 87248
6 61 9362
6 64 36400
6 66 377760
6 67 135395
6 69 208921
6 70 166729
6 73 233275
6 75 145142
6 82 312017
6 83 564
6 86 133560
6 89 84950
6 92 141992
6 106 60572
6 110 2850
6 113 47050
6 114 24614
6 116 36050
6 122 135022
6 125 56300
6 126 69400
6 135 91125
6 145 36930
6 146 57390
6 148 71208
6 153 32625
6 154 49255
6 160 34575
6 164 64634
6 168 256232
6 169 114657
6 175 92013
6 182 70930
6 187 3512
6 199 36694
6 201 85136
6 213 75605
6 214 81517
6 234 68365
6 238 59085
6 254 20700
6 270 20681
6 290 49218
6 316 49266
6 322 4816
6 329 29231
6 339 36119
6 340 18601
6 346 20425
6 347 11789
6 364 12730
6 372 18667
6 377 21992
6 378 6244
6 385 18563
6 389 13479
6 390 17641
6 404 22030
6 409 12730
6 417 21717
6 430 18829
6 439 10649
6 446 3154
6 460 11723
6 465 7448
6 470 17765
6 475 17632
6 477 17575
6 478 17565
6 486 17090
7 1 770395
7 2 1292439
7 3 510120
7 4 509007
7 5 659329
7 6 811705
7 8 839657
7 9 399514
7 10 545923
7 11 394642
7 12 200651
7 13 412344
7 14 551376
7 15 357026
7 16 376629
7 17 379217
7 18 397390
7 19 330957
7 20 406249
7 21 291144
7 22 237150
7 23 276947
7 24 596987
7 25 175802
7 26 300519
7 27 247613
7 28 157946
7 29 63750
7 30 121667
7 31 65857
7 32 122570
7 33 255329
7 34 283435
7 36 141656
7 37 385889
7 38 269773
7 40 97236
7 41 133545
7 42 125834
7 43 148318
7 44 156048
7 45 221771
7 47 172589
7 48 87700
7 49 115296
7 50 86948
7 51 133253
7 52 394678
7 53 95248
7 54 86083
7 55 46455
7 56 218962
7 58 93408
7 61 113355
7 62 64619
7 63 87709
7 66 297543
7 67 52200
7 69 52082
7 70 56572
7 72 3300
7 73 131541
7 74 18400
7 75 138806
7 79 47507
7 82 95592
7 85 184573
7 86 191332
7 89 238409
7 91 3275
7 92 36450
7 95 900
7 96 55195
7 97 2340
7 106 153108
7 109 18042
7 110 38172
7 116 69472
7 118 30644
7 120 192245
7 122 118334
7 124 1980
7 125 170
7 127 58996
7 135 253632
7 138 70481
7 142 40780
7 143 72522
7 146 80700
7 148 110096
7 151 56955
7 153 31654
7 154 286718
7 156 13158
7 159 63600
7 164 91376
7 165 34866
7 167 198354
7 168 19967
7 169 141747
7 171 30200
7 172 248047
7 175 13082
7 182 21534
7 183 106070
7 192 144944
7 199 164098
7 208 159070
7 214 16428
7 232 116388
7 244 109482
7 254 8010
7 263 49702
7 264 46937
7 265 35224
7 268 54825
7 271 54522
7 272 48722
7 275 35853
7 285 35819
7 288 44353
7 294 20298
7 321 18734
7 324 17663
7 342 18012
7 347 238
7 359 6936
7 407 17
7 426 11362
7 427 11343
8 1 732851
8 2 1030315
8 3 462564
8 4 464499
8 5 464061
8 6 398335
8 7 839657
8 9 426353
8 10 696194
8 11 439106
8 12 337394
8 13 231138
8 14 309816
8 15 505613
8 16 653200
8 17 556990
8 18 354825
8 19 546171
8 20 409782
8 21 290131
8 22 383484
8 24 635516
8 25 419035
8 26 344723
8 27 119943
8 28 228633
8 29 90075
8 30 211861
8 31 286712
8 32 22480
8 33 173366
8 34 97620
8 35 58656
8 36 91552
8 37 380012
8 38 299579
8 40 110368
8 41 360973
8 42 159912
8 43 53586
8 45 320517
8 47 243635
8 50 22816
8 51 180314
8 52 318071
8 54 184962
8 55 121021
8 56 40158
8 57 139022
8 58 1488
8 61 266127
8 62 184929
8 63 145387
8 65 127250
8 66 34550
8 68 95367
8 71 202614
8 72 149554
8 74 119998
8 76 131932
8 77 118324
8 78 31825
8 79 146040
8 81 140112
8 85 344035
8 86 56301
8 87 38614
8 88 93675
8 89 178889
8 90 52850
8 91 86802
8 94 115410
8 95 67502
8 96 100529
8 97 1200
8 100 54150
8 103 112664
8 104 69810
8 106 28175
8 111 103815
8 112 35772
8 116 35448
8 118 153332
8 119 73324
8 120 157109
8 125 750
8 127 229392
8 128 131766
8 129 39814
8 132 46342
8 133 87849
8 138 234181
8 141 37272
8 142 176681
8 143 63971
8 148 4696
8 150 54916
8 151 253461
8 153 28526
8 156 40922
8 165 164199
8 182 1940
8 183 50889
8 188 34391
8 189 79924
8 191 36074
8 200 46206
8 206 48741
8 228 48212
8 274 51578
8 298 30906
8 314 48849
8 419 21947
8 434 4947
9 1 492319
9 2 954365
9 3 990103
9 4 2253992
9 5 1594065
9 6 713334
9 7 399514
9 8 426353
9 10 312508
9 11 393054
9 12 81497
9 13 977225
9 14 694504
9 15 356224
9 17 516157
9 18 243528
9 19 53325
9 20 103778
9 21 147394
9 22 231834
9 23 749392
9 24 456305
9 25 100731
9 26 42077
9 27 681353
9 28 106805
9 29 480055
9 30 150495
9 31 53687
9 33 309244
9 34 342779
9 35 577419
9 36 529896
9 37 54020
9 38 221021
9 39 196794
9 40 49868
9 41 149819
9 42 21202
9 43 430674
9 44 432255
9 45 176757
9 47 201613
9 48 144535
9 49 273849
9 50 194967
9 51 10938
9 52 56672
9 53 506324
9 58 577788
9 60 578346
9 62 50005
9 63 50005
9 64 98500
9 65 50005
9 66 144740
9 67 50005
9 68 50005
9 69 4247
9 70 187029
9 72 50005
9 73 99687
9 78 50005
9 82 47264
9 98 44226
9 105 49794
9 108 49682
9 110 21780
9 113 70515
9 114 50005
9 126 7650
9 160 64
9 254 1260
9 357 27478
10 1 560866
10 2 814852
10 3 554888
10 4 464999
10 5 654620
10 6 532371
10 7 545923
10 8 696194
10 9 312508
10 11 261323
10 12 346463
10 13 265098
10 14 293815
10 15 352404
10 16 345564
10 17 334742
10 18 190587
10 19 515223
10 20 249551
10 21 234287
10 22 418870
10 23 245249
10 24 604721
10 25 276847
10 26 281997
10 27 206148
10 28 176829
10 29 119905
10 30 204270
10 31 211881
10 32 80860
10 33 740914
10 34 144259
10 36 98447
10 37 168487
10 38 458750
10 39 396124
10 40 191751
10 41 161831
10 42 173197
10 43 185280
10 44 134042
10 45 271693
10 47 358615
10 48 165130
10 49 258465
10 50 237891
10 51 171726
10 52 125964
10 53 63538
10 55 146316
10 56 32752
10 59 78582
10 61 127188
10 63 357174
10 65 120977
10 66 295518
10 67 418107
10 68 50005
10 69 360783
10 74 95080
10 78 396160
10 79 120456
10 82 116048
10 85 43696
10 86 205611
10 89 65960
10 91 10544
10 92 190831
10 103 10557
10 106 156198
10 116 273759
10 117 72453
10 118 73548
10 125 271651
10 128 24550
10 130 43202
10 135 78825
10 150 44718
10 153 107429
10 156 103434
10 164 96704
10 194 78839
10 200 66238
10 220 5800
10 232 7760
10 264 14687
10 301 18582
10 302 37903
10 319 18553
10 320 44776
10 400 25403
10 419 1529
10 458 18629
10 459 18563
10 469 17793
10 471 17755
10 473 17719
11 1 652386
11 2 788853
11 3 844453
11 4 583558
11 5 529005
11 6 717024
11 7 394642
11 8 439106
11 9 393054
11 10 261323
11 12 230277
11 13 375315
11 14 296094
11 15 344617
11 16 386827
11 17 575638
11 18 132244
11 19 356969
11 20 217410
11 21 247024
11 22 299402
11 23 219263
11 25 295683
11 26 290123
11 27 288405
11 28 208266
11 29 36304
11 30 406062
11 31 289095
11 32 174013
11 33 171072
11 34 119920
11 35 146547
11 36 132244
11 37 259680
11 38 302787
11 40 581952
11 41 117096
11 42 139356
11 43 174152
11 44 105349
11 45 153683
11 46 377658
11 47 132790
11 48 478427
11 49 204812
11 50 494294
11 52 47602
11 53 97904
11 55 125794
11 56 22007
11 57 104323
11 58 61304
11 61 76199
11 63 84509
11 64 163202
11 65 42861
11 66 95086
11 67 192621
11 68 113806
11 69 174781
11 70 111235
11 74 5400
11 77 43693
11 78 68191
11 79 25789
11 82 94665
11 86 15819
11 87 8400
11 88 33698
11 90 30275
11 91 34255
11 92 44318
11 93 44923
11 97 114621
11 101 29500
11 103 25732
11 105 69095
11 107 46537
11 108 85465
11 110 9825
11 114 66048
11 117 10560
11 121 178259
11 123 124111
11 124 81633
11 129 6142
11 130 86209
11 131 52159
11 134 82838
11 163 243326
11 175 1612
11 181 138858
11 182 21041
11 190 40413
11 202 43386
11 209 64737
11 213 14300
11 214 19848
11 219 72785
11 234 15450
11 241 53753
11 251 87374
11 253 99299
11 254 1440
11 269 82224
11 278 77885
11 290 2328
11 338 37360
12 1 659832
12 2 597658
12 3 384590
12 4 232171
12 5 88310
12 6 153514
12 7 200651
12 8 337394
12 9 81497
12 10 346463
12 11 230277
12 13 177954
12 14 98745
12 15 513482
12 16 497031
12 17 458378
12 18 165137
12 19 451038
12 20 480121
12 21 485238
12 22 512340
12 24 107750
12 25 350692
12 26 448724
12 27 84569
12 28 222063
12 30 280020
12 31 350785
12 33 187209
12 37 255570
12 38 227424
12 40 227546
12 41 219623
12 42 396229
12 45 231184
12 47 191392
12 51 227408
12 52 114903
12 54 211849
12 55 312202
12 57 282198
12 61 262796
12 62 138389
12 63 118540
12 65 276355
12 68 197681
12 71 97440
12 72 97507
12 74 331887
12 76 95148
12 77 334485
12 78 53500
12 79 98398
12 81 99530
12 87 264301
12 88 148369
12 90 313351
12 91 134817
12 93 52700
12 94 82598
12 97 164403
12 99 40885
12 101 159700
12 103 52943
12 104 312135
12 107 86050
12 111 45621
12 112 100818
12 117 49450
12 119 19879
12 123 52200
12 129 69970
12 131 52100
12 132 128163
12 137 206221
12 139 112626
12 140 61611
12 147 106294
12 155 288584
12 158 87302
12 162 58730
12 177 54975
12 184 141616
12 203 49611
12 207 37333
12 226 80107
12 229 30267
12 235 118566
12 237 115277
12 240 19665
12 293 64173
12 296 61773
12 399 6764
12 481 17480
13 1 419356
13 2 1403826
13 3 747571
13 4 1326899
13 5 566407
13 6 962589
13 7 412344
13 8 231138
13 9 977225
13 10 265098
13 11 375315
13 12 177954
13 14 932316
13 15 344794
13 17 511650
13 18 176622
13 19 64520
13 20 467178
13 21 208972
13 22 130848
13 23 426670
13 24 256800
13 27 485267
13 28 505423
13 29 989760
13 30 275364
13 32 762985
13 33 37935
13 34 634060
13 37 67363
13 38 85344
13 40 50553
13 43 475394
13 44 159330
13 52 27552
13 56 27840
13 58 194063
13 59 309435
13 60 284011
13 63 163
13 70 1008
13 73 91019
13 80 82402
13 83 128310
13 110 127150
13 113 104775
13 126 102805
13 145 153764
13 161 153203
13 168 1615
13 176 92790
13 182 17600
13 186 52305
13 198 32670
13 210 94845
13 215 29190
13 243 72855
13 254 2880
13 306 280
13 325 43530
13 334 40020
13 368 10890
14 1 336710
14 2 828937
14 3 606243
14 4 1007655
14 5 758598
14 6 842435
14 7 551376
14 8 309816
14 9 694504
14 10 293815
14 11 296094
14 12 98745
14 13 932316
14 15 127966
14 17 322077
14 18 153558
14 20 74629
14 21 170555
14 22 14033
14 23 519705
14 24 203230
14 26 43680
14 27 399996
14 28 240899
14 29 262232
14 30 6369
14 32 284178
14 33 59401
14 34 612868
14 35 681335
14 36 536298
14 37 86978
14 41 50005
14 43 365069
14 44 464346
14 49 49862
14 53 202752
14 56 968027
14 58 300481
14 59 69084
14 60 187410
14 70 100249
14 73 308040
14 75 924403
14 98 12175
14 109 102665
14 110 73318
14 113 33830
14 115 172915
14 122 59195
14 145 76956
14 146 74622
14 148 45837
14 149 173134
14 159 46494
14 160 130901
14 161 43334
14 171 51051
14 195 22044
14 198 44141
14 204 20286
14 221 34716
14 223 47316
14 225 20457
14 227 540
14 245 107999
14 246 105129
14 249 56933
14 254 5490
14 289 68820
14 310 51985
14 312 51837
14 344 540
14 438 15800
14 482 380
15 1 1069691
15 2 1215775
15 3 546737
15 4 391244
15 5 279803
15 6 335563
15 7 357026
15 8 505613
15 9 356224
15 10 352404
15 11 344617
15 12 513482
15 13 344794
15 14 127966
15 16 163021
15 17 2116
15 18 335393
15 19 645024
15 20 833627
15 21 611065
15 22 261207
15 23 110970
15 24 200700
15 25 396503
15 26 221141
15 27 99293
15 28 130975
15 29 19900
15 30 360217
15 31 402799
15 33 125526
15 37 90700
15 38 161917
15 40 98929
15 41 101315
15 42 294233
15 45 177853
15 47 228552
15 51 321101
15 52 111066
15 54 283038
15 55 185434
15 57 136952
15 61 76367
15 62 237841
15 63 39828
15 65 212010
15 68 32100
15 71 249709
15 72 235190
15 74 216903
15 76 224699
15 77 129877
15 79 34809
15 81 204860
15 84 82909
15 88 45059
15 90 22837
15 91 19009
15 94 112554
15 95 176284
15 96 79071
15 100 162819
15 101 43460
15 103 10266
15 111 84508
15 129 29560
15 132 39326
15 140 70638
15 141 18563
15 152 109036
15 157 20276
15 158 38199
15 178 51837
15 179 2775
15 188 67802
15 191 55685
15 206 46437
15 211 30172
15 218 43866
15 229 11492
15 231 38145
15 239 90755
15 242 2775
15 286 12891
15 305 54945
15 323 13832
15 381 5415
15 453 19152
16 1 1216421
16 2 1442016
16 3 818075
16 6 466112
16 7 376629
16 8 653200
16 10 345564
16 11 386827
16 12 497031
16 15 163021
16 18 377173
16 19 502466
16 20 1638087
16 21 400879
16 22 101731
16 24 445515
16 25 285219
16 26 1551020
16 28 152879
16 30 468802
16 31 671815
16 33 156990
16 37 164486
16 38 248550
16 39 94363
16 40 56171
16 41 134831
16 42 363816
16 45 174110
16 47 220998
16 52 138678
16 54 94019
16 55 50950
16 57 280247
16 61 40452
16 62 173282
16 63 33200
16 65 111564
16 68 36450
16 71 74586
16 72 51675
16 74 143860
16 76 117633
16 77 139805
16 79 42541
16 81 94143
16 87 39100
16 88 48292
16 90 58058
16 94 28656
16 95 113511
16 100 60698
16 101 23404
16 104 87488
16 117 16037
16 132 5236
16 140 70668
16 157 22355
16 158 29011
16 165 370
16 179 29661
16 182 2816
16 211 53576
16 212 13005
16 218 13232
16 242 13882
16 381 17898
17 1 1107213
17 2 1235594
17 3 519661
17 4 696785
17 5 365920
17 6 445015
17 7 379217
17 8 556990
17 9 516157
17 10 334742
17 11 575638
17 12 458378
17 13 511650
17 14 322077
17 15 2116
17 18 318808
17 19 645521
17 20 553858
17 21 373629
17 22 94901
17 23 141797
17 24 379166
17 25 301235
17 26 210850
17 27 156229
17 28 213045
17 30 491286
17 31 514427
17 32 84262
17 33 81572
17 34 61415
17 35 33712
17 36 43861
17 37 137534
17 38 251736
17 40 167282
17 41 84769
17 42 267743
17 43 106082
17 45 114950
17 47 182956
17 48 65578
17 50 40831
17 51 77639
17 52 149264
17 54 136638
17 55 108656
17 56 15372
17 57 342146
17 61 136471
17 62 123781
17 63 45133
17 65 71151
17 66 14831
17 68 31825
17 69 5025
17 71 109737
17 72 63597
17 74 103857
17 76 74039
17 77 65505
17 79 28969
17 81 66347
17 85 20214
17 86 11518
17 87 38569
17 88 50255
17 90 37450
17 91 31442
17 95 69782
17 96 2275
17 100 66745
17 101 30991
17 103 5309
17 104 34772
17 112 51611
17 137 28979
17 173 2000
17 179 11646
17 182 22977
17 196 6401
17 214 4520
17 218 931
17 234 2015
17 242 1862
18 1 503145
18 2 682265
18 3 390557
18 4 285773
18 5 174454
18 6 229758
18 7 397390
18 8 354825
18 9 243528
18 10 190587
18 11 132244
18 12 165137
18 13 176622
18 14 153558
18 15 335393
18 16 377173
18 17 318808
18 19 295414
18 20 325867
18 21 221585
18 22 251959
18 23 364787
18 24 54390
18 25 282406
18 26 265789
18 27 132596
18 28 146479
18 29 148618
18 30 98293
18 31 176061
18 33 200633
18 34 208331
18 37 175480
18 38 276138
18 39 54780
18 40 186497
18 41 137078
18 42 230222
18 45 189834
18 47 329780
18 48 103540
18 49 111443
18 50 113684
18 51 247124
18 52 238133
18 54 142732
18 55 133261
18 57 114926
18 61 89584
18 62 56715
18 63 254396
18 65 137797
18 66 75680
18 67 54400
18 68 166909
18 69 64200
18 70 99112
18 71 125370
18 72 138164
18 74 172445
18 76 54650
18 77 124510
18 78 53500
18 79 125958
18 81 105839
18 82 54995
18 84 55200
18 85 138537
18 86 88150
18 87 70575
18 88 116596
18 89 51437
18 90 51993
18 91 135694
18 92 35975
18 93 54025
18 94 87975
18 95 108196
18 96 54500
18 99 18350
18 100 48147
18 101 96703
18 103 222893
18 104 59480
18 106 69302
18 107 69150
18 111 71125
18 112 56370
18 118 111912
18 119 91685
18 120 54068
18 127 52304
18 128 100643
18 129 56798
18 132 61527
18 133 129492
18 136 5200
18 137 68620
18 138 64991
18 139 88427
18 141 13525
18 142 67400
18 143 84309
18 147 82480
18 150 95052
18 152 54375
18 157 55960
18 158 52152
18 173 11146
18 174 5200
18 178 54750
18 180 5200
18 182 2880
18 328 18250
19 1 1520415
19 2 686182
19 3 633071
19 4 280430
19 5 142628
19 6 263428
19 7 330957
19 8 546171
19 9 53325
19 10 515223
19 11 356969
19 12 451038
19 13 64520
19 15 645024
19 16 502466
19 17 645521
19 18 295414
19 20 390192
19 21 374340
19 22 355549
19 23 147098
19 24 432481
19 25 41285
19 26 150060
19 28 376202
19 29 636943
19 30 540934
19 31 419327
19 33 146040
19 37 173476
19 38 155973
19 39 51413
19 40 287944
19 41 246359
19 42 182792
19 45 263734
19 47 203125
19 48 49682
19 49 99873
19 50 50005
19 51 267198
19 52 105756
19 54 244156
19 55 6900
19 57 78165
19 61 59780
19 62 50264
19 63 104773
19 65 99797
19 66 5964
19 68 49555
19 71 112203
19 72 100010
19 76 23985
19 77 54725
19 79 848
19 84 95283
19 93 47387
19 97 51010
19 99 112747
19 107 1400
19 119 26463
19 127 4446
19 136 10602
19 140 35334
19 141 104880
19 144 46682
19 156 936
19 166 309
19 173 5951
19 174 12177
19 180 5814
20 1 913102
20 2 1162050
20 3 626658
20 4 521081
20 5 119961
20 6 359013
20 7 406249
20 8 409782
20 9 103778
20 10 249551
20 11 217410
20 12 480121
20 13 467178
20 14 74629
20 15 833627
20 16 1638087
20 17 553858
20 18 325867
20 19 390192
20 21 399832
20 22 431591
20 23 177981
20 24 181792
20 25 152005
20 26 723164
20 27 45606
20 28 334092
20 29 282659
20 30 371132
20 31 221557
20 33 24906
20 36 107261
20 37 81493
20 38 137081
20 41 24605
20 42 233048
20 45 49850
20 47 101587
20 52 95334
20 57 121026
20 61 101714
20 62 69325
20 65 38406
20 72 28929
20 74 83967
20 76 62550
20 77 36450
20 81 51321
20 84 54180
20 94 36315
20 95 124527
20 96 67204
20 100 65655
20 101 3392
20 104 4750
20 111 21756
20 148 77
20 157 161106
20 179 50181
20 206 2571
20 211 7881
20 212 16775
20 242 25110
20 336 21280
20 358 32392
20 382 23389
20 408 12635
20 414 18525
21 1 670403
21 2 669633
21 3 309998
21 4 248582
21 5 180451
21 6 183357
21 7 291144
21 8 290131
21 9 147394
21 10 234287
21 11 247024
21 12 485238
21 13 208972
21 14 170555
21 15 611065
21 16 400879
21 17 373629
21 18 221585
21 19 374340
21 20 399832
21 22 345836
21 24 66550
21 25 245808
21 26 314262
21 27 156785
21 28 138602
21 29 51366
21 30 144433
21 31 210216
21 33 167271
21 37 50300
21 38 67394
21 40 90916
21 41 128437
21 42 178849
21 43 89060
21 45 232432
21 47 125806
21 51 257629
21 52 188436
21 54 210648
21 57 108150
21 61 56819
21 62 199988
21 63 134557
21 65 140552
21 66 8700
21 68 43700
21 71 151062
21 72 187597
21 74 129221
21 76 173141
21 77 120387
21 78 29350
21 79 152889
21 81 181724
21 85 90350
21 88 61470
21 89 52750
21 90 25679
21 91 45196
21 94 212647
21 95 100080
21 96 80889
21 100 77029
21 101 27869
21 103 70034
21 106 8300
21 111 156798
21 118 81973
21 119 121790
21 128 71373
21 129 98938
21 132 86868
21 133 74748
21 138 34126
21 142 40455
21 147 40693
21 150 41470
21 151 12578
21 152 160832
21 158 76528
21 188 80712
21 189 153685
21 191 90465
21 206 85825
21 211 77030
21 229 52388
21 239 18
21 240 44458
21 281 48416
21 282 5712
21 286 55988
21 323 30410
21 326 32205
21 328 14335
21 335 27006
21 337 27844
21 345 17537
21 366 30875
21 374 30248
21 380 11485
21 384 26020
21 393 25937
21 399 9300
21 422 6697
21 424 20729
21 429 22486
21 461 18525
21 463 18401
22 1 886030
22 2 687470
22 3 335243
22 4 169254
22 5 427320
22 6 382622
22 7 237150
22 8 383484
22 9 231834
22 10 418870
22 11 299402
22 12 512340
22 13 130848
22 14 14033
22 15 261207
22 16 101731
22 17 94901
22 18 251959
22 19 355549
22 20 431591
22 21 345836
22 23 50005
22 24 372490
22 25 270550
22 26 277
22 29 79634
22 30 169444
22 31 226694
22 33 148828
22 38 465098
22 39 100010
22 40 51139
22 41 423170
22 42 268013
22 45 142000
22 47 174884
22 48 50005
22 49 50005
22 50 50005
22 51 366982
22 52 21760
22 54 520085
22 55 148586
22 57 132369
22 61 59346
22 62 331349
22 63 229132
22 65 358684
22 68 146084
22 69 1233
22 71 427835
22 72 334723
22 74 28550
22 76 100545
22 77 38595
22 78 50005
22 81 36718
22 84 375997
22 91 2581
22 93 99188
22 96 22993
22 101 3256
22 129 19038
22 141 15618
22 157 54581
22 196 55187
22 217 1254
22 239 11784
22 242 1140
22 281 12635
23 1 575474
23 2 419199
23 3 450081
23 4 808519
23 5 701439
23 6 764241
23 7 276947
23 9 749392
23 10 245249
23 11 219263
23 13 426670
23 14 519705
23 15 110970
23 17 141797
23 18 364787
23 19 147098
23 20 177981
23 22 50005
23 27 259808
23 28 154976
23 29 285744
23 32 85775
23 33 247177
23 34 432861
23 35 243728
23 36 207634
23 43 226358
23 44 205011
23 48 48331
23 49 160560
23 50 109900
23 53 167321
23 56 172164
23 58 208917
23 64 54450
23 66 54600
23 67 72288
23 69 120264
23 70 72900
23 73 381242
23 75 244705
23 82 90550
23 86 33775
23 98 13365
23 110 19550
23 113 72700
23 122 172213
23 126 36500
23 146 149510
23 148 150045
23 159 106020
23 160 147049
23 169 60600
23 171 112253
23 175 118317
23 187 133420
23 195 86694
23 201 72670
23 221 106680
23 225 69750
23 227 54240
23 238 50830
23 247 63420
23 254 180
23 306 54120
23 322 31140
23 375 29895
24 1 555804
24 3 386524
24 4 427379
24 5 406362
24 6 400471
24 7 596987
24 8 635516
24 9 456305
24 10 604721
24 12 107750
24 13 256800
24 14 203230
24 15 200700
24 16 445515
24 17 379166
24 18 54390
24 19 432481
24 20 181792
24 21 66550
24 22 372490
24 25 149109
24 26 179910
24 27 84529
24 30 129654
24 31 286200
24 33 814070
24 35 110353
24 36 39091
24 38 421243
24 39 98008
24 41 363153
24 42 145973
24 45 385093
24 47 227626
24 49 50005
24 51 96714
24 52 90117
24 54 137801
24 61 147414
24 62 27240
24 63 270911
24 66 284007
24 68 97880
24 71 96640
24 78 49697
24 79 76874
24 84 149604
24 85 80048
24 86 60860
24 89 59806
24 92 55516
24 93 97090
24 103 16439
24 106 18207
24 112 52596
24 116 34969
24 118 73695
24 127 27285
24 133 27659
24 166 179986
24 194 43226
25 1 1234255
25 2 468769
25 3 492089
25 4 109350
25 5 127776
25 6 136682
25 7 175802
25 8 419035
25 9 100731
25 10 276847
25 11 295683
25 12 350692
25 15 396503
25 16 285219
25 17 301235
25 18 282406
25 19 41285
25 20 152005
25 21 245808
25 22 270550
25 24 149109
25 26 138627
25 28 157844
25 29 333614
25 30 425732
25 31 582306
25 33 50005
25 37 145223
25 38 106499
25 39 4300
25 40 281036
25 41 192520
25 42 163044
25 45 49997
25 47 175309
25 48 50005
25 49 50005
25 50 50005
25 51 143615
25 52 24912
25 54 111929
25 55 184328
25 57 239281
25 61 19266
25 63 49793
25 68 98434
25 71 61855
25 84 100010
25 97 58404
25 99 192612
25 112 12245
25 134 42705
25 136 10393
25 141 48408
25 144 85614
25 173 12312
25 174 12445
25 180 9310
25 341 19627
26 1 723262
26 2 925060
26 3 511022
26 5 97683
26 6 49597
26 7 300519
26 8 344723
26 9 42077
26 10 281997
26 11 290123
26 12 448724
26 14 43680
26 15 221141
26 16 1551020
26 17 210850
26 18 265789
26 19 150060
26 20 723164
26 21 314262
26 22 277
26 24 179910
26 25 138627
26 29 115068
26 30 369446
26 31 98269
26 33 59332
26 37 150927
26 38 109164
26 40 60967
26 41 24592
26 42 172436
26 45 45350
26 47 162250
26 51 145082
26 52 122594
26 54 173630
26 55 21300
26 57 70404
26 62 35631
26 63 25955
26 65 77108
26 66 45234
26 71 28651
26 72 41366
26 76 39886
26 77 42198
26 79 34346
26 81 34965
26 85 4352
26 86 20412
26 88 26099
26 90 37682
26 91 36217
26 95 24969
26 96 53335
26 100 24998
26 101 33143
26 107 48950
26 123 155
26 129 29540
26 140 25
26 179 2775
26 239 10397
26 242 2775
27 1 380118
27 2 584843
27 3 581157
27 4 568655
27 5 1111717
27 6 505547
27 7 247613
27 8 119943
27 9 681353
27 10 206148
27 11 288405
27 12 84569
27 13 485267
27 14 399996
27 15 99293
27 17 156229
27 18 132596
27 20 45606
27 21 156785
27 23 259808
27 24 84529
27 28 120921
27 29 119165
27 32 83835
27 33 50005
27 34 199303
27 35 692869
27 36 680973
27 37 1776
27 39 1225
27 40 50005
27 41 99736
27 43 152
27 44 554515
27 48 49936
27 49 191215
27 50 49868
27 59 115
27 64 49855
27 70 151830
27 73 13750
27 254 1620
28 1 1033195
28 2 643652
28 3 399547
28 4 666421
28 5 63016
28 6 558045
28 7 157946
28 8 228633
28 9 106805
28 10 176829
28 11 208266
28 12 222063
28 13 505423
28 14 240899
28 15 130975
28 16 152879
28 17 213045
28 18 146479
28 19 376202
28 20 334092
28 21 138602
28 23 154976
28 25 157844
28 27 120921
28 29 198654
28 30 239070
28 31 118260
28 33 36048
28 34 50841
28 35 145251
28 36 47119
28 37 6678
28 38 93775
28 40 82414
28 41 45050
28 42 125596
28 45 72950
28 47 63738
28 48 20416
28 51 113256
28 52 26944
28 54 72600
28 55 72600
28 61 928
28 62 55338
28 63 39855
28 65 69983
28 68 41100
28 71 72600
28 72 62365
28 74 48103
28 75 77
28 76 54235
28 77 42276
28 79 54929
28 81 47777
28 87 72250
28 88 70530
28 90 72600
28 91 49123
28 94 42050
28 95 65650
28 96 49806
28 98 79218
28 100 72600
28 101 72600
28 111 42108
28 129 42108
28 132 42108
28 158 42050
28 178 42050
28 188 42050
28 191 42021
28 380 2850
28 422 1643
29 1 199964
29 2 43481
29 3 149140
29 4 1404735
29 5 260180
29 6 59473
29 7 63750
29 8 90075
29 9 480055
29 10 119905
29 11 36304
29 13 989760
29 14 262232
29 15 19900
29 18 148618
29 19 636943
29 20 282659
29 21 51366
29 22 79634
29 23 285744
29 25 333614
29 26 115068
29 27 119165
29 28 198654
29 30 444285
29 31 773172
29 35 341970
29 36 102813
29 38 53449
29 40 76140
29 42 63691
29 51 34085
29 53 59049
29 54 25399
29 56 164051
29 57 313435
29 61 147420
29 62 281394
29 65 18125
29 72 42245
29 76 242352
29 81 141083
29 98 289402
29 100 118260
30 1 1039108
30 2 694420
30 3 607010
30 4 434609
30 5 47730
30 6 221005
30 7 121667
30 8 211861
30 9 150495
30 10 204270
30 11 406062
30 12 280020
30 13 275364
30 14 6369
30 15 360217
30 16 468802
30 17 491286
30 18 98293
30 19 540934
30 20 371132
30 21 144433
30 22 169444
30 24 129654
30 25 425732
30 26 369446
30 28 239070
30 29 444285
30 31 503
30 37 56434
30 38 88808
30 40 156408
30 41 47085
30 42 143704
30 51 62634
30 55 108921
30 61 117023
30 99 54368
30 112 14791
30 144 245818
30 182 5104
30 196 3979
30 341 2546
31 1 1195101
31 2 421622
31 3 455469
31 4 123024
31 5 54750
31 6 114656
31 7 65857
31 8 286712
31 9 53687
31 10 211881
31 11 289095
31 12 350785
31 15 402799
31 16 671815
31 17 514427
31 18 176061
31 19 419327
31 20 221557
31 21 210216
31 22 226694
31 24 286200
31 25 582306
31 26 98269
31 28 118260
31 29 773172
31 30 503
31 33 19720
31 37 44671
31 38 101038
31 40 99804
31 41 50005
31 42 105860
31 45 62568
31 51 124832
31 52 10304
31 54 205
31 55 317380
31 71 205
31 84 144399
31 99 36400
31 104 10296
31 112 15255
31 134 42705
31 141 106080
31 144 40237
31 341 288
32 2 75555
32 3 148833
32 4 1517349
32 5 41588
32 6 27402
32 7 122570
32 8 22480
32 10 80860
32 11 174013
32 13 762985
32 14 284178
32 17 84262
32 23 85775
32 27 83835
32 34 111264
32 35 46500
32 36 61248
32 43 45384
32 44 47840
32 53 48662
32 59 1891609
32 60 26536
32 80 1490185
32 83 1180125
32 102 783107
32 197 141624
32 205 121606
32 291 66415
33 1 577310
33 2 608601
33 3 545485
33 4 296158
33 5 414790
33 6 560038
33 7 255329
33 8 173366
33 9 309244
33 10 740914
33 11 171072
33 12 187209
33 13 37935
33 14 59401
33 15 125526
33 16 156990
33 17 81572
33 18 200633
33 19 146040
33 20 24906
33 21 167271
33 22 148828
33 23 247177
33 24 814070
33 25 50005
33 26 59332
33 27 50005
33 28 36048
33 31 19720
33 34 50005
33 35 99736
33 36 50005
33 37 128717
33 38 64684
33 39 24378
33 40 79120
33 41 184999
33 42 50005
33 43 152
33 44 50005
33 45 78990
33 48 65178
33 49 144605
33 50 55272
33 52 149656
33 54 50005
33 61 1176
33 66 54074
33 67 137389
33 69 258081
33 71 50005
33 78 10773
33 82 51780
33 86 40761
33 92 22629
33 104 6160
33 106 17537
33 117 1653
33 125 22667
33 164 2147
33 195 128
33 333 29478
33 340 2479
33 360 9414
33 409 2479
33 455 9414
33 462 18506
34 1 197325
34 2 449012
34 3 326312
34 4 473715
34 5 521559
34 6 514694
34 7 283435
34 8 97620
34 9 342779
34 10 144259
34 11 119920
34 13 634060
34 14 612868
34 17 61415
34 18 208331
34 23 432861
34 27 199303
34 28 50841
34 32 111264
34 33 50005
34 35 505394
34 36 499137
34 43 136806
34 44 322152
34 49 50005
34 53 144573
34 56 85387
34 58 177169
34 60 144716
34 70 16225
34 73 249598
34 75 319253
34 110 30480
34 113 18665
34 122 3790
34 145 103563
34 159 128
34 160 24642
34 161 130288
34 198 131993
34 210 15856
34 243 16707
34 254 14400
34 307 53520
34 308 53280
34 315 24642
35 1 109821
35 2 162108
35 3 295186
35 4 1223330
35 5 533320
35 6 254322
35 8 58656
35 9 577419
35 11 146547
35 14 681335
35 17 33712
35 23 243728
35 24 110353
35 27 692869
35 28 145251
35 29 341970
35 32 46500
35 33 99736
35 34 505394
35 36 77
35 39 5206
35 40 49868
35 41 49945
35 43 589774
35 44 260
35 49 97027
35 53 610776
35 58 304525
35 59 45942
35 60 633282
35 73 50005
35 75 49922
35 83 25792
35 98 132192
35 243 260
36 1 128340
36 2 555526
36 3 374428
36 4 1093303
36 5 576715
36 6 412154
36 7 141656
36 8 91552
36 9 529896
36 10 98447
36 11 132244
36 14 536298
36 17 43861
36 20 107261
36 23 207634
36 24 39091
36 27 680973
36 28 47119
36 29 102813
36 32 61248
36 33 50005
36 34 499137
36 35 77
36 43 662084
36 48 120034
36 53 398595
36 58 281073
36 59 52976
36 60 395598
36 70 33960
36 73 31200
36 110 10468
36 126 40050
36 254 360
37 1 693453
37 2 267665
37 3 361758
37 4 180289
37 5 54329
37 6 133549
37 7 385889
37 8 380012
37 9 54020
37 10 168487
37 11 259680
37 12 255570
37 13 67363
37 14 86978
37 15 90700
37 16 164486
37 17 137534
37 18 175480
37 19 173476
37 20 81493
37 21 50300
37 25 145223
37 26 150927
37 27 1776
37 28 6678
37 30 56434
37 31 44671
37 33 128717
37 38 83136
37 40 138020
37 41 121252
37 42 90522
37 45 137973
37 47 77528
37 48 72600
37 50 80532
37 52 149214
37 55 70121
37 57 6860
37 61 1400
37 63 101336
37 66 48499
37 67 71572
37 68 112227
37 69 129338
37 78 130911
37 85 34669
37 86 39648
37 88 60425
37 89 5371
37 91 81764
37 92 54500
37 93 103879
37 97 66057
37 99 45557
37 103 30037
37 107 91639
37 116 16966
37 117 102417
37 123 94210
37 125 68660
37 130 64957
37 131 64825
37 134 114506
37 136 128500
37 139 56220
37 147 30782
37 150 41035
37 162 61337
37 168 7790
37 180 31981
37 181 44529
37 190 41671
37 194 16329
37 209 41268
37 220 44458
37 224 33
37 276 1419
37 279 41292
37 301 41695
37 302 18524
37 383 27590
37 413 24330
37 425 21453
38 1 336769
38 2 574240
38 3 198239
38 4 152702
38 5 209108
38 6 173607
38 7 269773
38 8 299579
38 9 221021
38 10 458750
38 11 302787
38 12 227424
38 13 85344
38 15 161917
38 16 248550
38 17 251736
38 18 276138
38 19 155973
38 20 137081
38 21 67394
38 22 465098
38 24 421243
38 25 106499
38 26 109164
38 28 93775
38 29 53449
38 30 88808
38 31 101038
38 33 64684
38 37 83136
38 40 35663
38 41 246626
38 42 63128
38 45 76936
38 47 63826
38 51 93635
38 52 102745
38 54 80932
38 55 100
38 57 16020
38 61 88433
38 62 74350
38 63 59654
38 65 30531
38 71 67763
38 72 56110
38 74 43486
38 76 39972
38 79 49001
38 81 52180
38 84 28661
38 85 60155
38 87 525
38 88 22453
38 89 42974
38 91 22271
38 94 34657
38 95 9259
38 96 43520
38 100 16331
38 103 28721
38 104 1050
38 111 33627
38 112 9028
38 128 1054
38 129 31746
39 1 502806
39 3 230511
39 4 52746
39 5 263243
39 9 196794
39 10 396124
39 16 94363
39 18 54780
39 19 51413
39 22 100010
39 24 98008
39 25 4300
39 27 1225
39 33 24378
39 35 5206
39 40 904306
39 41 324653
39 46 1276157
39 48 526180
39 49 99837
39 50 534495
39 64 165126
39 67 170892
39 68 99721
39 69 168755
39 78 49697
39 93 195608
39 108 88580
39 121 243766
39 124 382907
40 1 856502
40 2 277199
40 3 415633
40 4 157601
40 5 152165
40 6 242767
40 7 97236
40 8 110368
40 9 49868
40 10 191751
40 11 581952
40 12 227546
40 13 50553
40 15 98929
40 16 56171
40 17 167282
40 18 186497
40 19 287944
40 21 90916
40 22 51139
40 25 281036
40 26 60967
40 27 50005
40 28 82414
40 29 76140
40 30 156408
40 31 99804
40 33 79120
40 35 49868
40 37 138020
40 38 35663
40 39 904306
40 41 143310
40 45 49967
40 46 298406
40 55 49847
40 68 312509
40 78 22287
40 97 10013
40 130 22629
41 1 514446
41 2 227843
41 3 355559
41 4 196004
41 5 147473
41 6 36300
41 7 133545
41 8 360973
41 9 149819
41 10 161831
41 11 117096
41 12 219623
41 14 50005
41 15 101315
41 16 134831
41 17 84769
41 18 137078
41 19 246359
41 20 24605
41 21 128437
41 22 423170
41 24 363153
41 25 192520
41 26 24592
41 27 99736
41 28 45050
41 30 47085
41 31 50005
41 33 184999
41 35 49945
41 37 121252
41 38 246626
41 39 324653
41 40 143310
41 42 235762
41 45 25653
41 47 88707
41 48 96220
41 50 50005
41 51 95626
41 52 24704
41 53 50005
41 54 97955
41 55 144093
41 57 63020
41 67 22976
41 68 131643
41 69 1392
41 71 99449
41 78 10545
41 84 96996
41 147 16872
41 290 176
42 1 781815
42 2 353125
42 3 385831
42 5 105067
42 7 125834
42 8 159912
42 9 21202
42 10 173197
42 11 139356
42 12 396229
42 15 294233
42 16 363816
42 17 267743
42 18 230222
42 19 182792
42 20 233048
42 21 178849
42 22 268013
42 24 145973
42 25 163044
42 26 172436
42 28 125596
42 29 63691
42 30 143704
42 31 105860
42 33 50005
42 37 90522
42 38 63128
42 41 235762
42 47 28712
42 48 49799
42 50 49868
42 51 41699
42 52 24960
42 55 22784
42 65 16650
42 77 9125
42 88 11200
42 90 16150
42 96 9046
42 137 4816
42 296 85
43 1 191160
43 2 505981
43 3 514862
43 4 86016
43 5 553231
43 6 305022
43 7 148318
43 8 53586
43 9 430674
43 10 185280
43 11 174152
43 13 475394
43 14 365069
43 17 106082
43 21 89060
43 23 226358
43 27 152
43 32 45384
43 33 152
43 34 136806
43 35 589774
43 36 662084
43 44 267179
43 53 52
43 59 45260
43 122 152
44 1 155862
44 2 198172
44 3 215043
44 4 527202
44 5 568411
44 6 340119
44 7 156048
44 9 432255
44 10 134042
44 11 105349
44 13 159330
44 14 464346
44 23 205011
44 27 554515
44 32 47840
44 33 50005
44 34 322152
44 35 260
44 43 267179
44 50 152
44 53 586175
44 60 456334
44 63 62
44 69 154
44 73 36830
44 110 8950
44 210 19890
44 243 260
44 254 540
45 1 355688
45 2 521541
45 3 274821
45 4 79777
45 5 212439
45 6 209161
45 7 221771
45 8 320517
45 9 176757
45 10 271693
45 11 153683
45 12 231184
45 15 177853
45 16 174110
45 17 114950
45 18 189834
45 19 263734
45 20 49850
45 21 232432
45 22 142000
45 24 385093
45 25 49997
45 26 45350
45 28 72950
45 31 62568
45 33 78990
45 37 137973
45 38 76936
45 40 49967
45 41 25653
45 47 1925
45 52 25004
