1 2 193
1 22 2172
2 1 193
2 3 188
2 4 403
3 2 188
4 2 403
4 5 2295
4 21 2007
5 4 2295
5 8 1807
6 7 126
6 8 760
7 6 126
8 5 1807
8 6 760
8 12 1642
9 10 96
9 11 2815
9 159 3507
10 9 96
11 9 2815
11 151 720
11 172 1992
12 8 1642
12 13 359
12 14 1254
13 12 359
14 12 1254
14 15 5
14 16 3
14 17 8
15 14 5
15 19 1
15 20 1043
16 14 3
16 18 2
16 19 2
17 14 8
17 18 4
17 21 136
18 16 2
18 17 4
18 19 2
19 15 1
19 16 2
19 18 2
20 15 1043
20 157 184
20 160 941
21 4 2007
21 17 136
21 22 223
22 21 223
22 23 12
22 165 1372
23 3 2177
23 22 12
23 2967 3746
24 25 1546
25 24 1546
25 26 356
25 70 493
26 25 356
26 27 126
26 72 1070
27 26 126
28 29 619
28 30 496
28 32 327
29 28 619
29 41 369
29 43 1025
30 28 496
30 31 3353
30 33 297
31 30 3353
31 59 426
31 128 2466
32 28 327
32 34 93
32 41 689
33 30 297
33 34 11
33 36 359
34 32 93
34 33 11
34 35 405
35 34 405
35 37 413
35 47 292
36 33 359
36 37 95
36 38 504
37 35 413
37 36 95
37 58 824
38 36 504
38 39 140
38 57 789
39 38 140
39 40 105
40 39 105
41 29 369
41 32 689
41 42 37
41 43 480
41 48 639
42 41 37
43 29 1025
43 41 480
43 46 126
44 45 69
44 51 613
44 53 1239
45 44 69
46 43 126
46 49 707
46 56 688
47 35 292
47 48 251
47 60 669
48 41 639
48 47 251
48 49 224
49 46 707
49 48 224
49 50 267
50 49 267
50 56 13
50 64 1076
51 44 613
51 52 1559
51 53 582
51 61 780
52 51 1559
52 63 672
52 67 101
53 44 1239
53 51 582
53 54 52
53 55 43
54 53 52
55 53 43
55 56 66
55 62 609
56 46 688
56 50 13
56 55 66
57 38 789
57 58 421
57 59 604
57 116 1138
58 37 824
58 57 421
58 60 775
58 117 893
59 31 426
59 57 604
59 114 1478
60 47 669
60 58 775
60 65 638
61 51 780
61 62 304
61 63 1675
62 55 609
62 61 304
62 66 1011
63 52 672
63 61 1675
63 146 3207
64 50 1076
64 65 260
64 123 661
65 60 638
65 64 260
65 117 995
65 122 636
66 62 1011
66 121 380
66 129 1720
66 131 2728
67 52 101
68 69 93
68 130 570
69 68 93
70 25 493
70 71 641
70 73 415
71 70 641
71 72 272
71 78 760
72 26 1070
72 71 272
72 77 764
73 70 415
73 87 834
73 127 2295
74 75 10
74 81 940
74 93 433
75 74 10
75 76 20
76 75 20
77 72 764
77 78 268
77 81 329
78 71 760
78 77 268
78 79 116
78 80 602
78 82 371
79 78 116
80 78 602
80 86 87
80 91 565
81 74 940
81 77 329
81 82 272
82 78 371
82 81 272
82 83 162
83 82 162
83 90 566
83 100 886
84 85 71
84 86 52
85 84 71
86 80 87
86 84 52
86 87 391
87 73 834
87 86 391
87 92 1041
88 89 22
88 90 296
88 98 541
89 88 22
90 83 566
90 88 296
90 91 11
91 80 565
91 90 11
91 92 502
92 87 1041
92 91 502
92 134 2539
93 74 433
93 94 405
93 97 472
94 93 405
94 95 37
94 96 13
95 94 37
96 94 13
96 97 711
96 98 908
96 100 454
97 93 472
97 96 711
97 99 685
98 88 541
98 96 908
98 100 586
98 101 917
99 97 685
99 101 2098
99 103 137
100 83 886
100 96 454
100 98 586
101 98 917
101 99 2098
101 102 57
102 101 57
103 99 137
103 104 1233
103 108 1717
104 103 1233
104 105 2818
104 106 59
105 104 2818
105 195 7839
105 198 3671
106 104 59
106 110 1224
106 198 2291
107 108 338
107 111 1343
107 209 2589
108 103 1717
108 107 338
108 109 59
108 110 1397
109 108 59
110 106 1224
110 108 1397
110 200 1139
111 107 1343
111 112 331
111 113 1771
112 111 331
113 111 1771
113 134 46
113 211 2174
114 59 1478
114 115 81
114 116 810
114 126 1089
115 114 81
116 57 1138
116 114 810
116 118 510
116 125 882
117 58 893
117 65 995
117 118 37
118 116 510
118 117 37
118 119 132
118 124 848
119 118 132
120 121 315
120 122 341
120 124 570
121 66 380
121 120 315
121 123 148
122 65 636
122 120 341
122 123 26
123 64 661
123 121 148
123 122 26
124 118 848
124 120 570
124 125 504
125 116 882
125 124 504
125 126 643
126 114 1089
126 125 643
126 128 586
127 73 2295
127 128 196
127 133 2883
128 31 2466
128 126 586
128 127 196
129 66 1720
129 130 81
129 141 5343
130 68 570
130 129 81
131 66 2728
131 132 246
131 224 4220
132 131 246
133 127 2883
133 134 247
133 135 1218
134 92 2539
134 113 46
134 133 247
135 133 1218
135 136 271
136 135 271
137 138 71
137 218 2947
138 137 71
139 130 5237
139 141 13
140 139 13
140 183 2717
141 142 14
142 140 13
142 187 817
143 144 57
143 145 70
143 145 750
144 143 57
145 143 70
145 143 750
145 146 494
146 63 3207
146 145 494
146 152 7747
147 148 8
147 148 67
147 149 1438
148 147 8
148 147 67
149 147 1438
149 150 281
149 151 1436
150 149 281
151 11 720
151 149 1436
151 152 2088
152 146 7747
152 151 2088
152 153 1598
153 152 1598
153 154 560
153 156 726
154 153 560
154 155 367
155 154 367
156 153 726
156 172 879
156 182 5935
157 20 184
157 158 133
157 165 432
158 157 133
159 9 3507
159 160 810
159 172 4986
160 20 941
160 159 810
160 161 575
160 162 541
161 160 575
162 160 541
162 163 10
162 167 783
163 162 10
163 166 1086
163 176 3677
164 163 792
164 167 13
164 171 5106
165 157 432
165 162 1082
165 166 15
166 23 1376
166 165 15
166 2970 7985
167 164 13
167 168 344
167 169 4537
168 167 344
169 170 16
169 173 491
169 174 1039
170 164 4512
170 169 16
170 171 4095
171 164 5106
171 170 4095
171 190 989
171 2975 7543
172 11 1992
172 156 879
172 159 4986
172 173 109
173 169 491
173 172 109
173 174 768
174 173 768
174 175 14
174 182 6325
175 170 1062
175 174 14
175 188 3042
176 163 3677
176 177 2212
176 178 609
177 176 2212
178 176 609
178 179 108
179 178 108
180 181 355
180 188 2158
181 180 355
182 139 2736
182 156 5935
182 183 26
183 175 6339
183 182 26
183 184 1019
184 183 1019
184 185 573
184 313 3673
185 184 573
186 140 821
186 187 14
187 186 14
187 224 535
187 225 1214
188 175 3042
188 180 2158
188 191 1101
189 190 11
190 171 989
190 189 11
190 191 1538
190 192 2549
191 188 1101
191 190 1538
191 336 3545
192 190 2549
192 193 1214
192 336 3012
193 192 1214
193 194 269
194 193 269
195 105 7839
195 196 12526
195 727 4006
196 195 12526
196 197 6837
196 727 10561
196 785 7089
196 791 6239
197 196 6837
197 729 1794
197 733 3104
198 105 3671
198 106 2291
198 199 538
198 200 407
198 205 954
199 198 538
200 110 1139
200 198 407
200 202 961
201 202 10
201 209 2230
201 230 1434
202 200 961
202 201 10
202 206 628
203 204 59
203 205 134
204 203 59
205 198 954
205 203 134
205 206 113
206 202 628
206 205 113
206 207 2817
207 206 2817
207 208 1996
207 267 3105
208 207 1996
208 238 10
208 241 1593
209 107 2589
209 201 2230
209 210 1036
209 214 1852
210 209 1036
210 211 1187
210 216 1022
211 113 2174
211 210 1187
211 220 1343
212 213 47
212 228 802
212 229 844
213 212 47
214 209 1852
214 215 186
214 229 959
215 214 186
215 222 1198
215 231 63
215 232 776
216 210 1022
216 217 120
216 222 746
217 216 120
218 137 2947
218 219 1592
218 220 41
219 218 1592
219 223 91
220 211 1343
220 218 41
220 221 1127
221 220 1127
221 235 1234
221 242 1181
222 215 1198
222 216 746
222 235 674
223 219 91
224 131 4220
224 187 535
224 225 1058
224 226 497
225 224 1058
225 312 27
225 316 632
226 224 497
226 227 521
226 316 1750
227 226 521
228 212 802
228 229 76
228 230 551
229 212 844
229 214 959
229 228 76
230 201 1434
230 228 551
230 238 1423
231 215 63
232 215 776
232 233 28
232 234 1014
233 232 28
233 236 784
233 238 1045
234 232 1014
234 235 110
234 239 1496
235 221 1234
235 222 674
235 234 110
236 233 784
236 237 143
236 240 670
237 236 143
238 208 10
238 230 1423
238 233 1045
239 234 1496
239 240 693
239 244 534
240 236 670
240 239 693
240 241 1035
241 208 1593
241 240 1035
241 265 1645
242 221 1181
242 243 690
242 244 531
242 271 2292
243 242 690
243 246 182
244 239 534
244 242 531
244 245 157
245 244 157
246 243 182
247 248 14
247 249 14
247 250 1085
248 247 14
248 249 8
248 259 6
249 247 14
249 248 8
249 254 8
250 247 1085
250 263 290
251 252 7
251 253 1475
251 256 10
252 251 7
252 256 6
252 258 6
253 251 1475
253 264 3042
253 727 3489
254 249 8
254 255 5
254 256 7
255 254 5
255 257 6
255 258 9
256 251 10
256 252 6
256 254 7
257 255 6
257 258 11
257 261 6
258 252 6
258 255 9
258 257 11
259 248 6
259 260 13
259 262 5
260 259 13
260 261 16
260 262 11
260 728 1127
261 257 6
261 260 16
261 262 7
262 259 5
262 260 11
262 261 7
263 250 290
264 253 3042
264 282 5370
264 728 2200
265 241 1645
265 266 1866
265 273 1265
266 265 1866
266 269 182
266 271 252
267 207 3105
267 268 237
268 267 237
269 266 182
269 270 105
270 269 105
271 242 2292
271 266 252
271 272 1048
272 271 1048
272 274 434
272 277 1646
273 265 1265
273 274 1122
273 278 1996
273 285 1604
274 272 434
274 273 1122
274 275 72
275 274 72
275 276 102
276 275 102
277 272 1646
277 284 1713
277 291 682
278 273 1996
278 279 2062
278 288 1286
279 278 2062
279 282 177
279 289 449
280 281 80
280 289 279
281 280 80
282 264 5370
282 279 177
282 283 128
283 282 128
283 297 1475
283 739 1891
284 277 1713
285 273 1604
285 290 495
285 300 1679
286 287 166
286 290 143
287 286 166
288 278 1286
288 289 1301
288 290 76
289 279 449
289 280 279
289 288 1301
290 285 495
290 286 143
290 288 76
291 277 682
291 292 29
291 307 2123
292 291 29
292 294 2874
292 417 1441
293 291 2884
293 294 13
294 376 14
294 383 2099
295 296 206
295 300 1025
296 295 206
297 283 1475
297 298 332
297 739 984
298 297 332
298 299 57
299 298 57
300 285 1679
300 295 1025
300 305 633
300 307 526
301 302 589
301 303 529
301 433 810
302 301 589
302 416 155
302 431 532
303 301 529
303 304 117
303 310 441
304 303 117
305 300 633
305 306 178
305 740 638
306 305 178
306 309 112
307 300 526
307 308 11
307 748 753
308 292 2128
308 307 11
308 311 624
309 306 112
310 303 441
310 311 558
310 433 574
310 439 897
311 308 624
311 310 558
311 750 432
312 186 1245
312 225 27
312 313 511
313 184 3673
313 312 511
313 315 723
314 315 3128
314 318 604
314 323 1913
315 313 723
315 314 3128
315 317 264
316 226 1750
316 293 4145
317 315 264
317 319 1386
317 326 3541
318 314 604
318 329 3977
318 338 4397
319 317 1386
319 320 1285
319 324 2570
320 319 1285
320 321 237
320 323 955
321 320 237
321 322 176
322 321 176
323 314 1913
323 320 955
323 332 2187
324 319 2570
324 325 13
324 326 2072
325 324 13
325 327 1283
325 385 1735
326 317 3541
326 328 10
326 375 507
327 332 13
327 333 1596
327 395 1416
328 325 2082
328 326 10
328 379 1315
329 318 3977
329 330 184
329 331 1050
329 344 1709
330 329 184
331 329 1050
331 332 1598
331 333 19
332 323 2187
332 324 1286
332 327 13
333 331 19
333 334 1054
333 348 2156
334 333 1054
334 335 1486
334 399 1201
335 334 1486
335 348 235
335 353 535
335 515 463
336 191 3545
336 192 3012
336 337 19
336 338 703
337 336 19
338 318 4397
338 336 703
338 339 2299
338 343 1639
339 338 2299
339 340 3336
339 354 2098
340 339 3336
340 344 126
340 347 1779
341 342 26
341 343 822
342 341 26
343 338 1639
343 341 822
343 344 854
344 329 1709
344 340 126
344 343 854
345 346 311
345 357 1180
346 345 311
347 331 2154
347 340 1779
347 348 13
348 335 235
348 347 13
348 350 690
349 347 710
349 350 16
349 351 3129
350 349 16
350 352 2749
350 353 104
351 349 3129
351 365 702
351 367 108
352 368 12
352 371 1543
352 543 153
353 335 535
353 350 104
353 518 1378
354 339 2098
354 355 952
354 356 467
355 354 952
355 363 1433
355 2975 7682
355 2986 2392
356 354 467
356 357 999
356 359 593
357 345 1180
357 356 999
357 358 257
358 357 257
358 360 427
358 365 906
359 356 593
359 360 182
359 363 446
360 358 427
360 359 182
360 361 81
361 360 81
361 362 308
362 361 308
363 355 1433
363 359 446
363 364 822
364 363 822
364 365 255
364 366 3122
365 351 702
365 358 906
365 364 255
366 364 3122
366 2987 2579
366 2990 97
367 351 108
367 368 24
367 369 1591
368 349 2741
368 352 12
368 367 24
369 367 1591
369 370 27
369 372 512
370 368 1525
370 369 27
370 371 18
371 370 18
371 373 458
371 374 1649
372 369 512
372 370 454
372 373 22
373 372 22
373 2991 1723
373 3018 2013
374 371 1649
374 544 327
374 546 411
375 293 14
375 312 4749
376 328 503
376 375 13
377 378 88
377 379 1193
378 377 88
379 328 1315
379 377 1193
379 389 1210
380 381 188
380 382 455
381 380 188
382 380 455
382 384 325
382 389 912
383 384 13
383 445 3067
384 376 2098
384 382 325
384 383 13
385 325 1735
385 386 448
385 396 1495
386 385 448
386 387 92
386 388 1887
387 386 92
387 391 637
387 394 388
388 386 1887
388 398 116
388 400 385
389 379 1210
389 382 912
389 390 259
390 389 259
390 391 1048
390 418 424
391 387 637
391 390 1048
391 419 589
392 393 102
392 394 759
392 422 426
393 392 102
393 419 197
394 387 388
394 392 759
394 411 264
395 327 1416
395 396 171
395 398 314
396 385 1495
396 395 171
396 397 695
397 396 695
398 388 116
398 395 314
398 399 1161
399 334 1201
399 398 1161
399 403 738
400 388 385
400 401 369
400 402 989
401 400 369
402 400 989
402 412 298
402 414 11
403 399 738
403 406 82
403 415 2104
404 405 197
404 406 394
405 404 197
406 403 82
406 404 394
406 407 2859
407 406 2859
407 515 1831
407 524 167
408 409 69
408 410 95
409 408 69
410 408 95
410 411 437
410 459 991
411 394 264
411 410 437
411 456 411
412 402 298
412 413 159
413 412 159
414 402 11
414 415 990
414 465 1147
415 403 2104
415 414 990
415 527 930
416 302 155
417 292 1441
417 426 393
417 431 376
418 390 424
418 423 840
418 444 1278
419 391 589
419 393 197
419 420 203
420 419 203
420 421 189
420 423 254
421 420 189
421 422 221
421 429 459
422 392 426
422 421 221
422 456 405
423 418 840
423 420 254
423 430 1573
424 425 293
424 426 1260
425 424 293
426 417 393
426 424 1260
426 436 612
427 384 1955
427 443 739
428 429 324
428 430 290
429 421 459
429 428 324
429 464 575
430 423 1573
430 428 290
430 447 512
431 302 532
431 417 376
431 432 282
432 431 282
432 434 384
432 437 470
433 301 810
433 310 574
433 437 182
434 432 384
434 435 82
434 440 287
435 434 82
436 426 612
436 440 332
436 902 3039
437 432 470
437 433 182
437 438 709
438 437 709
438 439 1115
438 440 616
438 823 257
439 310 897
439 438 1115
439 750 71
440 434 287
440 436 332
440 438 616
440 834 1196
441 442 76
441 446 1071
442 441 76
443 427 739
443 444 115
443 452 633
444 418 1278
444 443 115
444 447 594
445 446 546
445 454 377
446 441 1071
446 455 27
447 430 512
447 444 594
447 448 506
448 447 506
448 451 234
448 464 419
449 450 65
449 451 446
449 477 1509
450 449 65
451 448 234
451 449 446
451 472 350
452 427 1456
452 443 633
452 453 34
453 452 34
453 454 10
454 453 10
454 455 228
454 839 1171
455 446 27
455 454 228
455 839 1008
456 411 411
456 422 405
456 457 441
457 456 441
457 458 737
457 473 990
458 457 737
458 459 56
458 460 440
459 410 991
459 458 56
459 465 709
460 458 440
460 461 136
461 460 136
462 463 141
462 464 580
463 462 141
464 429 575
464 448 419
464 462 580
465 414 1147
465 459 709
465 469 654
466 467 255
466 468 316
467 466 255
468 466 316
468 469 401
468 571 690
469 465 654
469 468 401
469 470 671
470 469 671
470 471 178
471 470 178
472 451 350
472 473 286
472 474 70
473 457 990
473 472 286
473 475 608
473 491 1633
474 472 70
475 473 608
475 476 532
475 479 454
476 475 532
476 489 660
476 496 418
477 449 1509
477 478 104
477 479 1125
477 837 825
478 477 104
479 475 454
479 477 1125
479 480 20
479 484 390
480 479 20
480 481 540
480 486 381
481 480 540
481 482 122
481 495 89
482 481 122
482 483 83
482 485 277
483 482 83
484 479 390
484 931 846
484 934 146
485 482 277
485 486 177
485 500 540
486 480 381
486 485 177
486 487 121
487 486 121
487 488 36
487 950 339
488 487 36
488 937 234
488 939 294
489 476 660
489 490 120
489 491 251
490 489 120
491 473 1633
491 489 251
491 492 348
492 491 348
492 493 362
492 497 688
493 492 362
493 494 70
493 499 353
493 605 858
494 493 70
495 481 89
495 496 76
495 500 377
496 476 418
496 495 76
496 497 137
497 492 688
497 496 137
497 498 15
497 499 798
498 497 15
499 493 353
499 497 798
499 502 219
499 508 827
500 485 540
500 495 377
500 501 343
501 500 343
501 503 485
501 951 512
501 953 358
502 499 219
502 503 88
502 506 29
503 501 485
503 502 88
503 504 26
504 503 26
504 505 85
504 506 30
505 504 85
505 510 69
505 511 290
506 502 29
506 504 30
506 509 637
507 508 261
507 509 160
507 620 122
508 499 827
508 507 261
508 605 154
508 606 255
509 506 637
509 507 160
509 512 141
509 514 257
510 505 69
511 505 290
511 512 400
511 958 296
511 959 350
512 509 141
512 511 400
513 512 220
513 961 526
514 509 257
514 513 360
514 1179 360
515 335 463
515 407 1831
515 520 1617
516 517 66
516 518 271
517 516 66
518 353 1378
518 516 271
518 519 36
519 518 36
519 520 902
519 547 1397
520 515 1617
520 519 902
520 523 784
521 522 139
521 523 810
522 521 139
523 520 784
523 521 810
523 528 918
524 407 167
524 575 1020
524 582 1096
525 526 100
525 527 160
526 525 100
527 415 930
527 525 160
527 573 904
527 574 648
528 523 918
528 529 69
528 547 867
529 528 69
529 530 299
529 536 542
530 529 299
530 534 331
530 538 472
531 532 187
531 533 338
531 534 361
532 531 187
533 531 338
533 582 289
533 586 692
534 530 331
534 531 361
534 584 485
535 536 324
535 537 79
536 529 542
536 535 324
536 556 602
537 535 79
537 538 281
537 555 645
538 530 472
538 537 281
538 539 288
538 585 442
539 538 288
539 540 102
539 541 528
540 539 102
540 542 54
540 592 763
541 539 528
541 558 392
541 566 654
541 658 604
542 540 54
542 585 346
542 587 151
543 352 153
543 546 551
543 547 1221
544 374 327
544 545 193
545 544 193
546 374 411
546 543 551
546 550 1230
547 519 1397
547 528 867
547 543 1221
547 551 911
548 549 218
548 550 444
549 548 218
550 546 1230
550 548 444
550 559 931
551 547 911
551 552 352
551 553 1025
551 559 911
552 551 352
552 554 378
553 551 1025
553 556 10
553 557 11
554 552 378
555 537 645
555 556 9
555 558 34
556 536 602
556 553 10
556 555 9
557 553 11
557 558 33
557 562 658
558 541 392
558 555 34
558 557 33
559 550 931
559 551 911
559 563 280
560 561 149
560 562 614
560 563 14
561 560 149
562 557 658
562 560 614
562 564 145
562 568 927
563 559 280
563 560 14
563 567 530
564 562 145
564 565 103
564 566 191
565 564 103
566 541 654
566 564 191
566 660 769
567 563 530
567 568 367
567 569 88
568 562 927
568 567 367
568 665 52
569 567 88
569 570 242
569 672 1128
570 569 242
571 468 690
571 572 467
571 601 914
572 571 467
572 573 49
572 576 344
573 527 904
573 572 49
573 574 607
574 527 648
574 573 607
574 575 280
575 524 1020
575 574 280
575 578 463
576 572 344
576 577 173
577 576 173
578 575 463
578 579 331
578 594 558
579 578 331
579 580 24
579 602 1626
580 579 24
580 581 207
580 614 424
581 580 207
581 593 229
581 614 457
582 524 1096
582 533 289
582 583 233
582 589 767
583 582 233
584 534 485
584 585 43
584 586 270
585 538 442
585 542 346
585 584 43
586 533 692
586 584 270
586 588 323
587 542 151
588 586 323
588 589 397
588 590 190
588 591 180
589 582 767
589 588 397
589 595 357
589 596 165
590 588 190
590 591 296
590 592 870
590 600 156
591 588 180
591 590 296
591 596 337
592 540 763
592 590 870
592 656 160
593 581 229
593 594 77
593 615 672
594 578 558
594 593 77
594 595 54
595 589 357
595 594 54
595 627 530
596 589 165
596 591 337
596 597 73
596 628 554
597 596 73
597 598 316
597 636 791
598 597 316
598 599 58
598 600 587
599 598 58
600 590 156
600 598 587
600 637 875
601 571 914
601 602 278
601 605 345
602 579 1626
602 601 278
602 607 296
603 604 75
603 608 417
604 603 75
605 493 858
605 508 154
605 601 345
606 508 255
606 605 174
606 607 100
607 602 296
607 606 100
607 608 187
607 609 137
608 603 417
608 607 187
608 612 100
608 613 837
609 607 137
609 610 5
609 611 5
610 609 5
610 611 2
611 609 5
611 610 2
611 620 410
612 608 100
613 608 837
613 614 448
613 615 598
613 616 36
614 580 424
614 581 457
614 613 448
615 593 672
615 613 598
615 629 300
615 643 1188
616 613 36
616 617 163
616 618 236
617 616 163
617 618 220
617 1195 1359
618 616 236
618 617 220
618 619 767
619 618 767
619 646 125
620 621 190
621 622 164
621 624 327
622 514 68
622 623 49
623 622 49
624 610 657
624 621 327
624 1191 705
625 626 46
625 627 137
625 629 385
626 625 46
627 595 530
627 625 137
627 628 43
628 596 554
628 627 43
628 630 616
629 615 300
629 625 385
629 630 461
630 628 616
630 629 461
630 631 178
630 648 384
631 630 178
631 632 253
631 636 351
632 631 253
632 642 14
632 649 405
632 650 416
633 634 60
633 635 179
633 636 210
633 637 143
634 633 60
635 633 179
635 638 322
635 641 224
636 597 791
636 631 351
636 633 210
636 641 279
637 600 875
637 633 143
637 638 222
638 635 322
638 637 222
638 639 340
639 638 340
639 640 57
639 680 912
640 639 57
641 635 224
641 636 279
641 642 3
642 632 14
642 641 3
643 615 1188
643 644 45
643 645 308
644 643 45
644 646 507
644 1217 550
645 643 308
645 647 80
646 619 125
646 644 507
647 645 80
648 630 384
648 1217 817
648 1228 1249
649 632 405
649 650 152
649 655 498
650 632 416
650 649 152
650 651 74
650 653 507
651 650 74
651 652 98
651 691 706
652 651 98
653 650 507
653 654 20
653 655 175
654 653 20
654 693 56
654 1431 197
655 649 498
655 653 175
655 1229 482
656 592 160
656 657 979
656 658 459
657 656 979
657 659 192
658 541 604
658 656 459
658 660 673
659 657 192
660 566 769
660 658 673
660 661 170
661 660 170
661 662 56
661 665 534
662 661 56
662 663 375
662 664 348
663 662 375
663 664 235
663 681 1964
664 662 348
664 663 235
664 674 304
665 568 52
665 661 534
665 666 36
666 665 36
667 668 33
667 669 471
667 3024 563
667 3042 880
668 667 33
668 670 541
668 671 542
669 667 471
669 3022 503
669 3023 222
670 668 541
670 671 89
670 672 26
671 668 542
671 670 89
671 677 340
672 569 1128
672 670 26
672 673 270
673 672 270
673 674 664
673 677 320
674 664 304
674 673 664
674 675 440
675 674 440
675 676 114
676 675 114
677 671 340
677 673 320
677 678 141
678 677 141
678 679 882
678 3047 1756
679 678 882
679 714 103
679 717 150
680 639 912
680 681 907
680 690 102
681 663 1964
681 680 907
681 684 55
681 685 211
681 686 291
682 683 58
682 686 242
683 682 58
684 681 55
685 681 211
685 689 411
685 703 492
686 681 291
686 682 242
686 689 59
687 688 618
687 689 70
687 699 301
688 687 618
688 690 230
688 697 667
689 685 411
689 686 59
689 687 70
690 680 102
690 688 230
690 691 221
691 651 706
691 690 221
691 692 193
692 691 193
692 693 133
692 694 196
693 654 56
693 692 133
693 694 187
694 692 196
694 693 187
694 695 66
694 705 350
695 694 66
695 696 41
695 1431 195
695 1433 259
696 695 41
697 688 667
697 698 50
697 699 387
698 697 50
698 700 42
699 687 301
699 697 387
699 701 343
700 698 42
701 699 343
701 702 73
701 708 173
702 701 73
702 703 656
702 724 205
703 685 492
703 702 656
703 711 373
704 705 1344
704 706 35
704 707 1314
705 694 350
705 704 1344
705 1433 266
705 1436 273
706 704 35
706 708 220
706 1448 369
707 704 1314
707 1439 40
707 1450 179
708 701 173
708 706 220
708 725 273
709 710 35
709 711 226
710 709 35
711 703 373
711 709 226
711 723 333
712 713 199
712 717 166
712 723 467
713 712 199
713 722 54
714 679 103
714 715 216
714 718 415
715 714 216
715 716 102
716 715 102
717 679 150
717 712 166
717 719 342
718 714 415
718 719 330
718 3050 918
719 717 342
719 718 330
719 722 216
720 721 433
720 722 141
720 1500 796
721 720 433
721 723 164
721 726 276
722 713 54
722 719 216
722 720 141
723 711 333
723 712 467
723 721 164
724 702 205
724 725 6
724 726 9
725 708 273
725 724 6
725 726 5
726 721 276
726 724 9
726 725 5
727 195 4006
727 196 10561
727 253 3489
727 729 3037
728 260 1127
728 264 2200
728 729 4496
728 736 6667
729 197 1794
729 727 3037
729 728 4496
730 731 93
730 732 1785
731 730 93
732 730 1785
732 733 3452
732 738 5419
733 197 3104
733 732 3452
733 784 13
733 788 4814
734 735 1530
734 736 431
735 734 1530
735 747 913
736 728 6667
736 734 431
736 737 1192
737 736 1192
737 738 1733
737 758 1239
738 732 5419
738 737 1733
738 792 2392
739 283 1891
739 297 984
739 740 92
740 305 638
740 739 92
740 741 336
741 740 336
741 742 306
741 748 519
742 741 306
742 743 90
743 742 90
744 745 53
744 745 54
744 746 838
745 744 53
745 744 54
745 747 1171
746 744 838
747 735 913
747 745 1171
747 757 1000
748 741 519
748 749 9
748 759 2279
749 308 746
749 748 9
749 751 702
750 311 432
750 439 71
750 751 245
750 752 481
751 749 702
751 750 245
751 752 495
751 755 989
752 750 481
752 751 495
752 756 373
753 754 71
753 755 559
754 753 71
755 751 989
755 753 559
755 756 1135
755 761 1294
756 752 373
756 755 1135
756 828 41
757 747 1000
757 758 139
757 759 959
758 737 1239
758 757 139
758 778 1625
759 757 959
759 760 18
759 780 2002
760 749 2277
760 759 18
760 761 402
761 755 1294
761 760 402
761 762 297
761 763 234
762 761 297
762 769 87
762 770 311
763 761 234
763 764 205
763 770 399
764 763 205
764 765 386
764 1051 1007
765 764 386
765 766 401
765 830 1494
766 765 401
766 767 73
766 768 412
767 766 73
767 861 493
768 766 412
768 858 932
768 1051 84
769 762 87
770 762 311
770 763 399
770 771 1538
771 770 1538
771 772 973
771 783 305
772 771 973
772 773 170
772 774 56
773 772 170
774 772 56
774 775 1450
774 873 895
775 774 1450
775 871 140
775 1052 396
776 777 174
776 778 435
777 776 174
778 758 1625
778 776 435
778 779 1006
779 778 1006
779 780 514
779 781 2655
780 779 514
780 782 27
780 807 2554
781 779 2655
781 795 633
781 797 587
782 760 1983
782 780 27
782 783 1052
783 771 305
783 782 1052
783 801 868
783 1074 960
784 733 13
785 196 7089
786 787 96
786 796 2432
787 786 96
788 733 4814
788 789 81
788 789 83
789 788 81
789 788 83
789 790 429
790 789 429
790 791 3589
790 811 5048
790 2675 1092
791 196 6239
791 790 3589
792 738 2392
792 795 1450
792 796 1719
793 794 240
793 795 417
794 793 240
795 781 633
795 792 1450
795 793 417
796 786 2432
796 792 1719
796 811 1863
797 781 587
797 798 2612
797 806 2273
798 797 2612
798 811 500
798 2679 5259
799 800 135
799 801 774
800 799 135
801 783 868
801 799 774
801 802 1089
801 803 1289
802 801 1089
802 1074 269
802 1075 60
803 801 1289
803 804 70
803 2099 1980
804 803 70
804 805 1547
804 810 889
805 782 2575
805 804 1547
805 807 17
806 797 2273
806 807 131
806 814 3737
807 805 17
807 806 131
807 815 3145
808 809 252
808 810 473
809 808 252
810 804 889
810 808 473
810 818 2201
810 2102 1208
811 790 5048
811 796 1863
811 798 500
812 813 284
812 814 623
813 812 284
814 806 3737
814 812 623
814 816 1902
815 816 2148
815 820 486
816 814 1902
816 815 2148
816 2678 312
817 805 3124
817 818 1514
818 810 2201
818 817 1514
818 2105 2051
818 2195 776
819 820 526
819 821 230
819 2678 1575
820 819 526
820 2196 9
820 2206 1303
821 819 230
821 822 302
821 2680 1197
822 821 302
823 438 257
823 824 150
823 825 764
824 823 150
825 823 764
825 826 363
825 827 804
825 845 656
826 825 363
826 834 218
826 835 337
827 825 804
827 829 20
828 756 41
828 829 513
828 830 466
829 827 20
829 828 513
829 863 383
829 864 722
830 765 1494
830 828 466
830 858 978
831 832 29
831 833 73
831 845 763
832 831 29
833 827 722
833 831 73
833 864 283
834 440 1196
834 826 218
834 850 1346
835 826 337
835 836 136
835 845 219
836 835 136
837 477 825
837 838 68
837 843 315
838 837 68
839 455 1008
839 842 166
839 903 1549
840 453 1354
840 842 64
841 840 75
841 842 100
841 844 6
842 839 166
842 841 100
843 837 315
843 844 78
843 931 901
844 841 6
844 843 78
844 930 379
845 825 656
845 831 763
845 835 219
845 846 260
846 845 260
846 847 391
846 848 171
847 846 391
847 852 150
847 879 268
848 846 171
848 849 282
848 852 367
849 848 282
849 850 272
849 851 114
850 834 1346
850 849 272
850 856 210
851 849 114
851 855 254
851 882 343
852 847 150
852 848 367
852 853 90
852 880 285
853 852 90
853 854 55
853 855 188
854 853 55
855 851 254
855 853 188
855 882 91
855 885 279
856 850 210
856 857 101
856 898 368
857 856 101
858 768 932
858 830 978
858 859 21
858 860 498
859 858 21
859 861 260
860 858 498
860 862 67
860 863 630
860 875 912
861 767 493
861 859 260
862 860 67
863 829 383
863 860 630
863 874 980
864 833 283
864 865 313
864 867 412
865 866 363
865 868 297
866 879 50
866 881 155
866 891 406
867 864 412
867 870 250
867 874 592
868 865 297
868 869 133
868 891 315
869 868 133
869 870 176
869 878 455
870 867 250
870 869 176
871 775 140
871 872 330
871 873 390
872 871 330
872 875 103
872 877 264
873 774 895
873 871 390
873 1051 132
874 863 980
874 867 592
874 875 88
874 876 218
875 860 912
875 872 103
875 874 88
876 874 218
876 877 34
876 878 254
877 872 264
877 876 34
877 1054 548
878 869 455
878 876 254
878 913 348
879 833 683
879 847 268
879 866 50
880 852 285
880 879 153
880 881 18
881 880 18
881 884 275
881 892 428
882 851 343
882 855 91
882 886 277
882 896 135
883 880 274
883 884 16
884 887 57
885 855 279
885 883 41
886 882 277
886 885 18
887 888 136
887 889 67
888 887 136
888 894 282
888 915 280
889 886 46
889 890 123
890 889 123
890 895 251
890 904 273
890 916 505
891 866 406
891 868 315
891 892 150
891 913 501
892 881 428
892 891 150
892 893 194
893 892 194
893 894 109
893 914 449
894 888 282
894 893 109
894 915 38
895 890 251
895 896 59
895 906 478
896 882 135
896 895 59
896 897 126
897 896 126
898 856 368
898 899 77
898 901 108
899 898 77
899 900 54
899 901 96
900 899 54
900 902 82
900 908 333
901 898 108
901 899 96
901 907 353
902 436 3039
902 900 82
902 903 93
903 839 1549
903 902 93
903 912 312
903 985 870
904 890 273
904 905 248
904 906 240
905 904 248
905 907 85
905 909 213
905 919 368
906 895 478
906 904 240
906 907 81
907 901 353
907 905 85
907 906 81
907 908 355
908 900 333
908 907 355
908 910 96
908 912 18
909 905 213
909 911 198
909 912 253
909 993 444
910 908 96
910 911 415
911 909 198
911 910 415
911 921 289
912 903 312
912 908 18
912 909 253
913 878 348
913 891 501
913 914 198
913 1057 609
914 893 449
914 913 198
914 918 46
915 888 280
915 894 38
915 916 88
916 890 505
916 915 88
916 917 128
916 919 590
917 916 128
918 914 46
918 922 825
918 1058 348
919 905 368
919 916 590
919 920 96
920 919 96
920 921 244
920 922 163
921 911 289
921 920 244
921 924 73
922 918 825
922 920 163
922 923 72
923 922 72
923 924 123
923 925 1181
924 921 73
924 923 123
924 926 214
925 923 1181
925 1061 206
925 1065 348
926 924 214
926 927 40
926 928 181
927 926 40
927 929 183
927 1063 503
928 926 181
928 929 97
928 994 441
929 927 183
929 928 97
929 1091 742
930 844 379
930 932 388
930 945 769
931 484 846
931 843 901
931 933 185
931 942 518
932 930 388
932 933 134
932 945 384
933 931 185
933 932 134
933 944 562
934 484 146
934 935 133
934 936 564
934 937 123
935 934 133
935 936 296
935 939 559
935 941 285
936 934 564
936 935 296
936 940 306
937 488 234
937 934 123
937 938 64
938 937 64
939 488 294
939 935 559
939 952 13
940 936 306
940 941 75
940 942 134
941 935 285
941 940 75
941 947 385
942 931 518
942 940 134
942 943 160
942 944 43
943 942 160
943 944 156
943 965 598
944 933 562
944 942 43
944 943 156
945 930 769
945 932 384
945 946 60
946 945 60
947 941 385
947 956 404
947 966 526
948 949 64
948 986 835
948 989 636
949 948 64
950 487 339
950 951 41
950 952 182
951 501 512
951 950 41
951 954 363
952 939 13
952 950 182
952 956 397
953 501 358
953 954 598
953 955 352
953 958 258
954 951 363
954 953 598
954 955 284
954 956 234
954 967 440
955 953 352
955 954 284
956 947 404
956 952 397
956 954 234
956 957 103
956 966 382
957 956 103
958 511 296
958 953 258
958 964 549
959 511 350
959 960 182
959 963 351
960 959 182
960 961 160
961 513 526
961 960 160
961 962 117
962 961 117
962 963 275
962 1180 341
963 959 351
963 962 275
963 964 138
964 958 549
964 963 138
964 971 669
964 977 25
965 943 598
965 972 523
965 990 627
966 947 526
966 956 382
966 967 308
967 954 440
967 966 308
967 971 248
968 969 90
968 970 215
968 1016 319
969 968 90
970 968 215
970 972 123
970 975 254
970 1014 234
971 964 669
971 967 248
971 972 198
971 973 163
972 965 523
972 970 123
972 971 198
972 974 245
973 971 163
973 974 149
973 981 402
974 972 245
974 973 149
974 975 70
974 979 220
975 970 254
975 974 70
975 976 47
975 1020 134
976 975 47
977 964 25
977 978 116
977 1185 717
978 977 116
978 982 505
978 984 760
979 974 220
979 1026 80
980 979 84
980 1024 77
981 973 402
981 980 77
981 1025 70
982 978 505
982 983 220
982 1027 167
983 982 220
983 984 1031
983 1029 166
983 1200 125
984 978 760
984 983 1031
984 1197 84
984 1198 556
985 903 870
985 986 413
985 993 495
985 995 370
986 948 835
986 985 413
986 988 310
986 1001 294
987 988 295
987 989 142
987 991 265
988 986 310
988 987 295
988 991 317
989 948 636
989 987 142
989 990 277
989 1035 528
990 965 627
990 989 277
990 1015 126
990 1022 1034
991 987 265
991 988 317
991 992 44
991 1002 280
991 1035 481
992 991 44
993 909 444
993 985 495
993 994 250
994 928 441
994 993 250
994 998 341
994 1000 423
995 985 370
995 996 78
995 1001 55
996 995 78
996 997 272
996 998 271
997 996 272
997 1000 374
997 1004 192
998 994 341
998 996 271
998 999 73
999 998 73
1000 994 423
1000 997 374
1000 1090 355
1001 986 294
1001 995 55
1001 1002 500
1002 991 280
1002 1001 500
1002 1003 348
1002 1006 302
1003 1002 348
1003 1036 351
1004 997 192
1004 1005 75
1004 1006 405
1005 1004 75
1006 1002 302
1006 1004 405
1006 1007 162
1006 1092 300
1007 1006 162
1007 1008 338
1007 1009 181
1008 1007 338
1008 1013 109
1008 1092 165
1008 1095 413
1009 1007 181
1009 1010 132
1009 1114 486
1010 1003 210
1010 1009 132
1011 1012 60
1011 1013 180
1012 1011 60
1013 1008 109
1013 1011 180
1013 1093 152
1014 970 234
1014 1016 208
1014 1018 83
1015 990 126
1015 1016 23
1015 1017 151
1015 1022 393
1016 968 319
1016 1014 208
1016 1015 23
1017 1015 151
1017 1018 114
1017 1022 230
1018 1014 83
1018 1017 114
1018 1019 97
1019 1018 97
1019 1020 199
1019 1022 360
1020 975 134
1020 1019 199
1020 1021 118
1020 1026 240
1021 1020 118
1022 990 1034
1022 1015 393
1022 1017 230
1022 1019 360
1022 1023 84
1023 1022 84
1024 980 77
1024 1025 96
1024 1026 87
1025 981 70
1025 1024 96
1025 1027 194
1025 1042 859
1026 979 80
1026 1020 240
1026 1024 87
1027 982 167
1027 1025 194
1027 1028 173
1028 1027 173
1028 1029 142
1028 1032 196
1029 1028 142
1029 1030 115
1029 1031 150
1030 1029 115
1030 1200 177
1030 1288 82
1030 1300 998
1031 1030 243
1031 1032 38
1032 1028 196
1032 1031 38
1032 1289 273
1033 1034 42
1033 1294 93
1034 1033 42
1035 989 528
1035 991 481
1035 1036 318
1036 1003 351
1036 1035 318
1036 1038 440
1036 1039 552
1037 1038 190
1037 1117 154
1038 1036 440
1038 1037 190
1038 1115 158
1039 1036 552
1039 1040 167
1039 1046 504
1040 1039 167
1040 1041 59
1041 1040 59
1042 1025 859
1042 1043 72
1042 1044 101
1043 1042 72
1044 1042 101
1044 1045 273
1044 1046 134
1045 1044 273
1045 1047 340
1045 1310 340
1046 1039 504
1046 1044 134
1046 1047 445
1046 1123 543
1047 1045 340
1047 1046 445
1047 1048 28
1048 1047 28
1048 1049 107
1048 1314 82
1048 1668 411
1049 1048 107
1049 1050 652
1049 1124 475
1050 1049 652
1050 1127 140
1050 1138 691
1051 764 1007
1051 768 84
1051 873 132
1052 775 396
1052 1053 91
1053 1052 91
1054 877 548
1054 1055 91
1054 1056 197
1055 1054 91
1056 1054 197
1056 1057 90
1056 1073 1638
1057 913 609
1057 1056 90
1057 1059 340
1058 918 348
1058 1059 302
1058 1061 675
1059 1057 340
1059 1058 302
1059 1060 71
1060 1059 71
1061 925 206
1061 1058 675
1061 1062 125
1062 1061 125
1063 927 503
1063 1064 71
1063 1083 424
1064 1063 71
1065 925 348
1065 1066 339
1065 1077 876
1066 1065 339
1066 1067 30
1067 1066 30
1068 1069 109
1068 1070 143
1069 1068 109
1070 1068 143
1070 1074 827
1070 1076 922
1071 1072 44
1071 1073 527
1072 1071 44
1073 1056 1638
1073 1071 527
1073 2100 1082
1074 783 960
1074 802 269
1074 1070 827
1075 802 60
1075 1076 178
1075 2097 345
1076 1070 922
1076 1075 178
1076 2099 1100
1077 1065 876
1077 1078 34
1077 1082 772
1078 1077 34
1079 1080 83
1079 1101 927
1080 1079 83
1081 1082 499
1081 1083 2132
1081 1085 542
1082 1077 772
1082 1081 499
1082 1084 423
1083 1063 424
1083 1081 2132
1083 1091 261
1083 1101 259
1084 1082 423
1084 1149 495
1084 2100 278
1085 1081 542
1085 1086 101
1085 1148 561
1086 1085 101
1087 1088 199
1087 1091 20
1088 1087 199
1088 1089 202
1089 1088 202
1089 1090 22
1090 1000 355
1090 1089 22
1090 1098 552
1091 929 742
1091 1083 261
1091 1087 20
1091 1102 497
1092 1006 300
1092 1008 165
1092 1095 489
1093 1013 152
1093 1094 141
1093 1099 233
1094 1093 141
1094 1118 19
1095 1008 413
1095 1092 489
1095 1096 148
1096 1095 148
1096 1097 1
1096 1098 14
1097 1096 1
1098 1090 552
1098 1096 14
1098 1104 411
1098 1110 666
1099 1093 233
1099 1100 51
1100 1099 51
1101 1079 927
1101 1083 259
1101 1103 374
1102 1091 497
1102 1103 42
1102 1106 212
1103 1101 374
1103 1102 42
1103 1107 227
1104 1098 411
1104 1105 93
1104 1106 4
1105 1104 93
1106 1102 212
1106 1104 4
1106 1107 97
1106 1108 382
1107 1103 227
1107 1106 97
1107 1109 338
1108 1106 382
1108 1109 168
1108 1110 594
1108 1140 268
1109 1107 338
1109 1108 168
1109 1145 676
1110 1098 666
1110 1108 594
1110 1111 244
1110 1131 244
1111 1110 244
1111 1118 644
1111 1129 440
1112 1010 478
1112 1114 18
1113 1112 16
1113 1115 200
1114 1009 486
1114 1094 81
1115 1038 158
1115 1113 200
1115 1116 108
1116 1115 108
1116 1117 105
1116 1120 356
1117 1037 154
1117 1116 105
1117 1119 311
1118 1111 644
1118 1113 93
1118 1121 688
1119 1117 311
1119 1120 122
1119 1123 339
1120 1116 356
1120 1119 122
1120 1122 374
1120 1125 408
1121 1118 688
1121 1122 178
1121 1129 225
1122 1120 374
1122 1121 178
1122 1135 556
1123 1046 543
1123 1119 339
1123 1125 448
1124 1049 475
1124 1127 178
1124 1137 825
1125 1120 408
1125 1123 448
1125 1126 107
1125 1136 677
1126 1125 107
1127 1050 140
1127 1124 178
1127 1128 89
1128 1127 89
1129 1111 440
1129 1121 225
1129 1130 58
1130 1129 58
1131 1110 244
1131 1132 226
1131 1135 801
1132 1131 226
1132 1133 488
1132 1141 22
1132 1143 118
1133 1132 488
1133 1134 87
1133 1135 633
1134 1133 87
1135 1122 556
1135 1131 801
1135 1133 633
1135 1136 337
1136 1125 677
1136 1135 337
1136 1137 110
1137 1124 825
1137 1136 110
1137 1138 200
1137 1161 466
1138 1050 691
1138 1137 200
1138 1139 92
1138 1163 438
1139 1138 92
1139 1680 440
1139 1685 637
1140 1108 268
1140 1144 488
1140 1146 456
1141 1132 22
1141 1142 169
1142 1141 169
1143 1132 118
1143 1144 47
1143 1155 610
1144 1140 488
1144 1143 47
1144 1146 597
1145 1109 676
1145 1146 184
1145 1150 1358
1145 1154 643
1146 1140 456
1146 1144 597
1146 1145 184
1146 1147 119
1147 1146 119
1148 1085 561
1148 1149 1269
1148 1150 457
1149 1084 495
1149 1148 1269
1149 2106 2173
1150 1145 1358
1150 1148 457
1150 1151 100
1151 1150 100
1151 1154 487
1151 2115 641
1152 1153 549
1152 1154 579
1152 1155 99
1153 1152 549
1153 1156 336
1153 1158 164
1153 1159 101
1154 1145 643
1154 1151 487
1154 1152 579
1155 1143 610
1155 1152 99
1155 1160 1075
1156 1153 336
1156 1157 338
1156 1162 1125
1157 1156 338
1157 2114 87
1157 2117 490
1158 1153 164
1159 1153 101
1159 2114 279
1159 2115 130
1160 1155 1075
1160 1161 554
1160 1162 83
1161 1137 466
1161 1160 554
1161 1163 235
1161 1171 572
1162 1156 1125
1162 1160 83
1162 2117 1496
1163 1138 438
1163 1161 235
1163 1164 249
1164 1163 249
1164 1167 76
1164 1168 72
1165 1163 94
1165 1166 114
1166 1165 114
1167 1164 76
1167 1169 110
1167 1170 171
1168 1164 72
1169 1167 110
1169 1170 100
1169 1171 300
1169 1824 260
1170 1167 171
1170 1169 100
1170 1687 607
1170 1818 309
1171 1161 572
1171 1169 300
1171 1174 280
1172 1174 126
1172 1175 104
1173 1172 41
1173 1176 247
1174 1171 280
1174 1172 126
1174 1176 174
1174 1824 278
1174 1825 33
1175 1173 141
1175 1178 200
1176 1173 247
1176 1174 174
1176 1826 191
1177 1171 426
1177 1178 70
1177 2125 531
1178 1175 200
1178 1177 70
1178 2130 466
1179 514 360
1179 624 370
1179 1180 130
1179 1181 160
1180 962 341
1180 1179 130
1180 1181 224
1181 1179 160
1181 1182 300
1182 1181 300
1182 1183 65
1182 1189 284
1183 1182 65
1183 1188 116
1184 1185 20
1184 1186 92
1184 1188 871
1185 977 717
1185 1184 20
1185 1186 72
1186 1184 92
1186 1185 72
1186 1187 617
1187 1186 617
1187 1190 149
1187 1194 135
1188 1183 116
1188 1184 871
1188 1190 313
1189 1182 284
1189 1191 134
1190 1188 313
1190 1189 129
1190 1192 153
1191 624 705
1191 1189 134
1191 1193 48
1192 1190 153
1192 1193 24
1192 1194 184
1193 1191 48
1193 1192 24
1193 1196 375
1194 1187 135
1194 1202 207
1195 617 1359
1195 1196 78
1195 1206 1420
1196 1193 375
1196 1195 78
1197 984 84
1198 984 556
1198 1187 190
1198 1199 73
1198 1202 140
1199 1198 73
1200 983 125
1200 1201 1123
1201 1200 1123
1201 1216 162
1201 1306 122
1201 1307 371
1202 1198 140
1202 1203 341
1202 1211 222
1203 1202 341
1203 1204 36
1203 1205 30
1204 1203 36
1204 1207 158
1204 1212 694
1205 1196 172
1205 1203 30
1205 1208 298
1206 1195 1420
1206 1205 1513
1206 1218 32
1207 1204 158
1207 1209 320
1207 1215 759
1208 1205 298
1208 1209 29
1208 1210 95
1209 1207 320
1209 1208 29
1209 1210 95
1210 1208 95
1210 1209 95
1210 1239 1401
1211 1202 222
1211 1212 209
1211 1213 261
1212 1204 694
1212 1211 209
1212 1213 94
1212 1214 85
1213 1211 261
1213 1212 94
1213 1216 730
1214 1212 85
1215 1207 759
1215 1216 491
1215 1304 403
1216 1201 162
